Time,East,North,z,v
205284400,79413.33462978182,242023.62760304846,2324.376,0.0
205284500,79413.33448043493,242023.63872070145,2324.37,0.12633412260149718
205284600,79413.34204159543,242023.638822373,2324.359,0.1334808594169008
205284700,79413.3423402439,242023.6165869739,2324.383,0.327171576647749
205284800,79413.36547166026,242023.58353881072,2324.396,0.4237889121745905
205284900,79413.37303279468,242023.5836404292,2324.392,0.08554028192047648
205285000,79413.38785633892,242023.6060789097,2324.38,0.2944652672086734
205285100,79413.39541751822,242023.6061806176,2324.364,0.17696649410016735
205285200,79413.39571622742,242023.58394534048,2324.372,0.23630749939362464
205285300,79413.41098781241,242023.57303086016,2324.378,0.19705042767553194
205285400,79413.418698305,242023.562014848,2324.377,0.13482377521181801
205285500,79413.44123238273,242023.57343739737,2324.353,0.3484459349986698
205285600,79413.44123235287,242023.5734373387,2324.361,0.07999999999810825
205285700,79413.44894286063,242023.5624213554,2324.356,0.14344842475640535
205285800,79413.46481190564,242023.50703640468,2324.367,0.5864949267170613
205285900,79413.47192502502,242023.54049103707,2324.338,0.4483970593463119
205286000,79413.49460843169,242023.5407958962,2324.325,0.2614464757773079
205286100,79413.50973066966,242023.5409990698,2324.325,0.15122354090215534
205286200,79413.5177399024,242023.507747842,2324.324,0.3421402096122357
205286300,79413.53331019006,242023.47459806968,2324.34,0.3996390155184387
205286400,79413.54102063747,242023.46358196437,2324.351,0.17371658675967344
205286500,79413.55644161958,242023.44154992886,2324.35,0.2690906915589775
205286600,79413.57942367923,242023.419619401,2324.36,0.33300975199265437
205286700,79413.56415213122,242023.430533953,2324.344,0.24663508975512663
205286800,79413.57186267692,242023.4195180498,2324.329,0.20143844718834988
205286900,79413.58683551537,242023.43083877023,2324.337,0.20403153554774864
205287000,79413.5789757166,242023.4529725192,2324.321,0.28418019550979123
205287100,79413.60966824708,242023.42002593074,2324.336,0.47457036251311135
205287200,79413.61767744612,242023.38677463215,2324.344,0.3512263259504248
205287300,79413.6485193132,242023.34271036554,2324.368,0.5889305524663072
205287400,79413.65637908602,242023.32057656161,2324.391,0.32872234033116193
205287500,79413.67180005756,242023.29854450468,2324.393,0.2696475431743247
205287600,79413.69478211082,242023.27661396004,2324.405,0.3395519068483179
205287700,79413.7179134665,242023.24356566742,2324.435,0.502689811680763
205287800,79413.71791351541,242023.243565768,2324.422,0.12999999999919964
205287900,79413.73273711248,242023.2660043547,2324.396,0.3740451784861612
205288000,79413.74830744683,242023.2328546755,2324.4,0.36839019478524554
205288100,79413.77855191333,242023.23326099943,2324.403,0.3039313049098748
205288200,79413.77870131766,242023.222143461,2324.394,0.14303954732480217
205288300,79413.79382352305,242023.22234656755,2324.403,0.17597886159774626
205288400,79413.80138467613,242023.22244822327,2324.394,0.11754633057128161
205288500,79413.82406801631,242023.22275294736,2324.399,0.23228056245736226
205288600,79413.82421743553,242023.2116354378,2324.386,0.17105646339888528
205288700,79413.8314797691,242023.2339721499,2324.398,0.2637392488242082
205288800,79413.83919032669,242023.22295626625,2324.38,0.2246718761432085
205288900,79413.84645264136,242023.24529294018,2324.397,0.28992823042496846
205289000,79413.86172428138,242023.23437856697,2324.389,0.2040315356014361
205289100,79413.86958415674,242023.21224497166,2324.385,0.2382401963707176
205289200,79413.87669727416,242023.24569960218,2324.356,0.4483970779307855
205289300,79413.8688374476,242023.267833299,2324.347,0.2515121783418254
205289400,79413.86853877823,242023.29006865993,2324.328,0.2924743416989763
205289500,79413.86824013556,242023.31230407488,2324.302,0.3421129084326925
205289600,79413.87550262336,242023.33464109804,2324.273,0.37317338788569404
205289700,79413.86749341144,242023.36789237428,2324.268,0.3456297620960122
205289800,79413.8823170524,242023.39033105318,2324.23,0.46552099031219074
205289900,79413.88216766698,242023.4014486326,2324.234,0.11815376132781683
205290000,79413.89743920788,242023.390534061,2324.252,0.2600555153141431
205290100,79413.88987813752,242023.39043257013,2324.239,0.15038995988313747
205290200,79413.90514973168,242023.37951810937,2324.243,0.19190849039919466
205290300,79413.90544836714,242023.35728267953,2324.271,0.3575489322888076
205290400,79413.92872913563,242023.31311686337,2324.29,0.5341527946846534
205290500,79413.9367382919,242023.2798654763,2324.31,0.39618168848022955
205290600,79413.94429939588,242023.27996703237,2324.314,0.08554028191834961
205290700,79413.94429950193,242023.2799672475,2324.286,0.27999999999792635
205290800,79413.96743087786,242023.24691899586,2324.311,0.47454930846044174
205290900,79413.97499206522,242023.2470207205,2324.293,0.19523611406980598
205291000,79413.98285187322,242023.22488698456,2324.307,0.2734197845692723
205291100,79414.01384314112,242023.16970516555,2324.324,0.6552724460323842
205291200,79414.02155351844,242023.1586889159,2324.354,0.3287513527465424
205291300,79414.02185220332,242023.1364535857,2324.369,0.2682186284887186
205291400,79414.0449835575,242023.10340528842,2324.4,0.5087210020579321
205291500,79414.04468495537,242023.12564078625,2324.363,0.4316726080397194
205291600,79414.05995653191,242023.11472628545,2324.372,0.20815587878661512
205291700,79414.0446849178,242023.12564070988,2324.373,0.18795975599431533
205291800,79414.05239538968,242023.11462465022,2324.378,0.1434484226997459
205291900,79414.05224604516,242023.12574231345,2324.371,0.13137849800499793
205292000,79414.05194734898,242023.1479776213,2324.359,0.25266824515830805
205292100,79414.05965784274,242023.1369616082,2324.358,0.13482376644460886
205292200,79414.05194734898,242023.1479776213,2324.359,0.13482376644460886
205292300,79414.0517980724,242023.15909541864,2324.334,0.27360611865697376
205292400,79414.05920980942,242023.17031459138,2324.337,0.13775867280974854
205292500,79414.05920982848,242023.17031463142,2324.332,0.050000000001091394
205292600,79414.05906057097,242023.18143246416,2324.302,0.3199379730419679
205292700,79414.07433217744,242023.1705180267,2324.303,0.18795974655466285
205292800,79414.06692044748,242023.15929886792,2324.298,0.14344843023690437
205292900,79414.07448158991,242023.1594005013,2324.292,0.0965253336367688
205293000,79414.08204278113,242023.1595022343,2324.273,0.20449239503411792
205293100,79414.07448168405,242023.15940069128,2324.267,0.09652533153534597
205293200,79414.08219207605,242023.14838447422,2324.293,0.2927071023997275
205293300,79414.08219215914,242023.1483846428,2324.271,0.21999999999934516
205293400,79414.07433242255,242023.17051852308,2324.238,0.4050412079888544
205293500,79414.08915601026,242023.19295709673,2324.214,0.36043001476842446
205293600,79414.0817442278,242023.18173782993,2324.223,0.1617944731748167
205293700,79414.08945472224,242023.1707218215,2324.222,0.13482376212172226
205293800,79414.10472632451,242023.15980737004,2324.224,0.18875611626230582
205293900,79414.10472633576,242023.1598073924,2324.221,0.03000000000156433
205294000,79414.10457711604,242023.17092530895,2324.181,0.41516299462159684
205294100,79414.1119889136,242023.18214459997,2324.168,0.18702258266388513
205294200,79414.11213834518,242023.17102711834,2324.152,0.194834048862039
205294300,79414.09671738684,242023.19305920415,2324.146,0.27551732275867935
205294400,79414.10442787374,242023.18204317428,2324.147,0.13482377810910234
205294500,79414.11955014282,242023.18224641122,2324.139,0.1710805638367002
205294600,79414.119699461,242023.17112869676,2324.153,0.17877445733326666
205294700,79414.11969955533,242023.17112888768,2324.128,0.24999999999636202
205294800,79414.15069066982,242023.1159467548,2324.186,0.85841830958555
205294900,79414.1581025466,242023.12716621254,2324.152,0.36561926859702926
205295000,79414.1658130525,242023.11615022086,2324.148,0.14027633361243422
205295100,79414.15054149146,242023.12706475332,2324.135,0.22831747516773132
205295200,79414.18864584308,242023.10533749778,2324.132,0.43962454245613686
205295300,79414.1810847234,242023.10523591004,2324.132,0.07561177179421508
205295400,79414.18879510112,242023.09421966318,2324.162,0.3287513470740715
205295500,79414.19635636032,242023.09432153124,2324.125,0.37764684511618263
205295600,79414.2037681845,242023.10554088,2324.105,0.2409926314383589
205295700,79414.21117988386,242023.11675997637,2324.118,0.18702259317396108
205295800,79414.2110306108,242023.1278777821,2324.092,0.28277254063492496
205295900,79414.22660081269,242023.09472783003,2324.132,0.5423203339628343
205296000,79414.24246977239,242023.03934269212,2324.168,0.6793204661917002
205296100,79414.27331166805,242022.995278473,2324.186,0.5671324382743732
205296200,79414.27346093742,242022.98416066077,2324.213,0.29199367829854617
205296300,79414.28858318122,242022.9843638409,2324.212,0.15155381927051823
205296400,79414.29644301304,242022.9622301543,2324.22,0.24810961318363828
205296500,79414.31942503614,242022.94029954262,2324.241,0.3807827488187129
205296600,79414.32698617487,242022.9404011676,2324.236,0.09064844086279814
205296700,79414.33484595835,242022.91826738045,2324.257,0.31505296526768306
205296800,79414.34225770325,242022.92948656902,2324.258,0.13482375770051
205296900,79414.35723062055,242022.9408074515,2324.245,0.22831747605397962
205297000,79414.35737996947,242022.92968979757,2324.251,0.12633411944840395
205297100,79414.36509036248,242022.91867357865,2324.277,0.29270709871764927
205297200,79414.39563360039,242022.8968447456,2324.273,0.37751222731432443
205297300,79414.39533491012,242022.91908006743,2324.259,0.26275700498340204
205297400,79414.40289601132,242022.91918161698,2324.264,0.09064844198313023
205297500,79414.4024479422,242022.95253453404,2324.252,0.3544612506542552
205297600,79414.39473749603,242022.96355064586,2324.24,0.18021501202649565
205297700,79414.41786892473,242022.93050249387,2324.252,0.4208290049989298
205297800,79414.43314048341,242022.91958795488,2324.266,0.23415564383406498
205297900,79414.44055230326,242022.93080729526,2324.247,0.2327604898633381
205298000,79414.44826270436,242022.9197910931,2324.271,0.27509533918657575
205298100,79414.44826271528,242022.91979111545,2324.268,0.03000000000156433
205298200,79414.46338498937,242022.91999435984,2324.259,0.17597886159774673
205298300,79414.46308630312,242022.94222969096,2324.244,0.26821862555022585
205298400,79414.47064736226,242022.94233115576,2324.26,0.1769664941001684
205298500,79414.4630862459,242022.9422295764,2324.259,0.07627017788035638
205298600,79414.4707967304,242022.9312135419,2324.261,0.13593178351757804
205298700,79414.48591899662,242022.9314167723,2324.254,0.16663900900770956
205298800,79414.49348009333,242022.9315183116,2324.26,0.09652533258747334
205298900,79414.50089186848,242022.94273756258,2324.253,0.15158314474365173
205299000,79414.50845296527,242022.94283910468,2324.259,0.0965253325846449
205299100,79414.51616341193,242022.93182299286,2324.271,0.18021500983741146
205299200,79414.52387381664,242022.92080680002,2324.294,0.2664159256425303
205299300,79414.53899605309,242022.9210099699,2324.295,0.15155381793030967
205299400,79414.53128561027,242022.93202608638,2324.282,0.18702258056268928
205299500,79414.53143497814,242022.92090847064,2324.283,0.11162573990679267
205299600,79414.5618287957,242022.91019714903,2324.292,0.3345662084563406
205299700,79414.57769778509,242022.85481206328,2324.321,0.6449622555080281
205299800,79414.59341730509,242022.8105443893,2324.376,0.7232796960091076
205299900,79414.60097845884,242022.81064604502,2324.367,0.11754633057127768
205300000,79414.61625008628,242022.79973164573,2324.363,0.19190849652724679
205300100,79414.61654884495,242022.7774964599,2324.359,0.22592308540191136
205300200,79414.63196970815,242022.75546417665,2324.391,0.4179830086570428
205300300,79414.65510109755,242022.72241594177,2324.414,0.4643242872585593
205300400,79414.66311019771,242022.68916443177,2324.45,0.49654800906421326
205300500,79414.67868056214,242022.65601479914,2324.448,0.366757883312121
205300600,79414.68654038063,242022.63388108183,2324.46,0.26373923051260745
205300700,79414.70997037923,242022.5785973575,2324.519,0.8417612552862398
205300800,79414.70997046249,242022.5785975242,2324.497,0.21999999999934516
205300900,79414.73325121368,242022.53443166148,2324.523,0.5628669517602469
205301000,79414.74822409422,242022.54575246852,2324.52,0.1900759550077803
205301100,79414.75623328138,242022.51250113454,2324.533,0.3658687265387976
205301200,79414.77906606416,242022.5016883891,2324.52,0.2841030967863819
205301300,79414.76379450753,242022.5126029374,2324.505,0.24026832967870318
205301400,79414.78632850836,242022.52402533125,2324.502,0.2543905797577651
205301500,79414.7867765794,242022.49067241605,2324.514,0.3544612605475955
205301600,79414.8020481471,242022.47975789476,2324.526,0.22277537182464613
205301700,79414.80249622975,242022.44640500098,2324.535,0.34546026837009686
205301800,79414.8177678394,242022.4354905635,2324.536,0.18795974761510875
205301900,79414.81851456103,242022.37990224455,2324.573,0.6677632477724399
205302000,79414.84149663699,242022.3579717325,2324.581,0.3275599094128083
205302100,79414.85676830013,242022.3470574012,2324.568,0.228317475157644
205302200,79414.84950581842,242022.32472038176,2324.596,0.3654563978664567
205302300,79414.86477752258,242022.31380613428,2324.572,0.30467830616061176
205302400,79414.8653749176,242022.26933551114,2324.597,0.510161695633061
205302500,79414.88820763335,242022.25852263253,2324.602,0.2575161467670815
205302600,79414.89636611879,242022.2141535394,2324.635,0.5589115332466116
205302700,79414.90437531179,242022.18090221006,2324.647,0.3624361046380088
205302800,79414.9122352456,242022.15876872186,2324.629,0.29590264546968303
205302900,79414.91238455003,242022.14765097573,2324.647,0.21156632651803056
205303000,79414.90497286945,242022.13643191662,2324.629,0.22467187611588424
205303100,79414.9206924651,242022.09216438886,2324.665,0.5918052935902555
205303200,79414.93626276008,242022.05901461095,2324.682,0.40374664331636895
205303300,79414.93641214787,242022.0478970362,2324.678,0.11815374463321893
205303400,79414.93671087755,242022.02566179074,2324.682,0.22592308530679328
205303500,79414.92900044432,242022.0366779305,2324.666,0.20899151207092953
205303600,79414.94427207412,242022.02576353028,2324.662,0.19190849854695052
205303700,79414.94442145058,242022.01464592945,2324.661,0.11162575744707302
205303800,79414.94472014633,242021.99241061602,2324.674,0.2575679245593795
205303900,79414.9604398671,242021.94814333878,2324.677,0.4706734829041013
205304000,79414.983720653,242021.90397753567,2324.695,0.5306780623588967
205304100,79414.99929085444,242021.8708275687,2324.737,0.5572354522038572
205304200,79414.9998883033,242021.8263570536,2324.748,0.4581102036956419
205304300,79415.00048577439,242021.7818865832,2324.753,0.44750972328718885
205304400,79415.00063513979,242021.77076896094,2324.755,0.11296153394959409
205304500,79415.00834556538,242021.75975280534,2324.773,0.22467187260404378
205304600,79414.99292471749,242021.7817851249,2324.736,0.4573945743519078
205304700,79414.97780250857,242021.78158201743,2324.727,0.17597886044355382
205304800,79414.96223229906,242021.8147319695,2324.687,0.5423203367498606
205304900,79414.95452185468,242021.8257480869,2324.674,0.18702258837931027
205305000,79414.94696078228,242021.82564659696,2324.661,0.1503899598831408
205305100,79414.9471101056,242021.81452888902,2324.674,0.17105644956114413
205305200,79414.95511934838,242021.7812776612,2324.673,0.34214021621439794
205305300,79414.9324360217,242021.78097297344,2324.663,0.24789969684315571
205305400,79414.92442687377,242021.8142243903,2324.639,0.417803694750942
205305500,79414.9168658201,242021.81412293855,2324.621,0.1952361130294564
205305600,79414.88602394344,242021.8581872126,2324.595,0.597360190864862
205305700,79414.88617330446,242021.84706958104,2324.598,0.1151534216040259
205305800,79414.86348990684,242021.84676474985,2324.607,0.2440374132916672
205305900,79414.83324519121,242021.8463579286,2324.668,0.6808628629219066
205306000,79414.84095580585,242021.83534215298,2324.636,0.34709861676328624
205306100,79414.84080645615,242021.8464598069,2324.63,0.1263341193976462
205306200,79414.83384268387,242021.80188750476,2324.667,0.5834227417737543
205306300,79414.84185186199,242021.76863614842,2324.683,0.37757108315015503
205306400,79414.842001155,242021.75751838088,2324.704,0.23761378434201774
205306500,79414.81946696239,242021.74609560147,2324.757,0.5871239819673402
205306600,79414.84229971447,242021.73528278992,2324.753,0.2557627209308214
205306700,79414.84259836854,242021.71304739267,2324.777,0.32717156688399707
205306800,79414.81145758105,242021.77934654616,2324.795,0.7542183872100582
205306900,79414.82613146969,242021.81290206872,2324.858,0.7287052543066065
205307000,79414.83264686441,242021.8908266658,2324.89,0.8448504665322373
205307100,79414.77245626133,242021.86777797993,2324.99,1.1896798692780268
205307200,79414.74977293507,242021.86747329403,2324.98,0.24789969561414313
205307300,79414.78787739945,242021.8457462471,2324.95,0.5313847351002697
205307400,79414.80314889319,242021.83483156934,2324.982,0.37098365119549714
205307500,79414.79588645582,242021.81249464583,2324.998,0.28418018707241544
205307600,79414.8116061155,242021.7682272438,2325.017,0.5066887685895052
205307700,79414.80419429105,242021.7570078969,2325.037,0.24099263502463153
205307800,79414.79678249265,242021.7457886003,2325.05,0.18702259312377476
205307900,79414.82792337408,242021.67948963866,2325.007,0.8493205394190073
205308000,79414.86662537785,242021.61329225916,2324.964,0.8790902381173874
205308100,79414.84453940757,242021.5685168719,2324.989,0.5583182042152974
205308200,79414.82911866142,242021.59054940008,2324.925,0.6941972354874748
205308300,79414.82852144814,242021.63502038736,2324.852,0.8547894162333108
205308400,79414.8129513822,242021.6681706272,2324.774,0.8616909787816657
205308500,79414.82867099013,242021.6239031218,2324.807,0.5740500958350971
205308600,79414.8357841758,242021.65735789947,2324.759,0.5893724880549782
205308700,79414.82051260192,242021.6682724161,2324.748,0.21755198890917216
205308800,79414.82036323381,242021.67939003184,2324.747,0.11162577150858181
205308900,79414.83533624763,242021.6907111043,2324.709,0.4238264587016942
205309000,79414.85090656986,242021.65756138228,2324.719,0.37962000008496743
205309100,79414.84379329764,242021.62410642952,2324.79,0.7880735558778303
205309200,79414.79101410894,242021.61227626912,2324.978,1.9562464474959629
205309300,79414.7523118983,242021.67847322486,2325.076,1.2443068945268136
205309400,79414.78076398632,242021.81229100935,2325.058,1.379767668607671
205309500,79414.81011247633,242021.87940349057,2324.995,0.9660980195871215
205309600,79414.84851564722,242021.83544115536,2324.975,0.6170036063446691
205309700,79414.85667465828,242021.79107312392,2324.869,1.1519904901177003
205309800,79414.90308764583,242021.71386071946,2324.696,1.950479994073281
205309900,79414.96432406509,242021.65908657108,2324.541,1.754253319003118
205310000,79415.01088631486,242021.57075633388,2324.398,1.744069050301284
205310100,79414.98168772254,242021.49252730235,2324.322,1.1290391525802186
205310200,79414.96805949447,242021.38114863634,2324.245,1.3608084112087604
205310300,79414.96895550271,242021.31444252934,2324.305,0.8972018445358052
205310400,79414.97756212646,242021.23672065046,2324.333,0.8305253187698645
205310500,79414.97845817314,242021.17001462355,2324.383,0.8336492938018054
205310600,79414.97104646865,242021.15879551694,2324.371,0.18021501412737792
205310700,79414.97044865787,242021.2032652991,2324.456,0.9593044172027987
205310800,79414.96199060277,242021.26986794453,2324.641,1.9680417337625755
205310900,79414.96019784601,242021.4032786591,2324.717,1.5354102442612827
205311000,79414.95099380464,242021.52547111548,2324.67,1.31233174440992
205311100,79414.96507107858,242021.60349883698,2324.501,1.8667146875177494
205311200,79414.98805318854,242021.5815683892,2324.501,0.31764051288639944
205311300,79415.04172830313,242021.5266922796,2324.395,1.308719831578351
205311400,79415.04929007415,242021.52679518145,2324.223,1.721661157089752
205311500,79415.05655272245,242021.54913253523,2324.151,0.7573363722229213
205311600,79415.07272080117,242021.4715129165,2324.091,0.9942453123418716
205311700,79415.08013268215,242021.48273238074,2324.056,0.3749365940406495
205311800,79415.1028160776,242021.4830372082,2324.048,0.2405291231566038
205311900,79415.13276186449,242021.50567887072,2324.036,0.39410084524843325
205312000,79415.17071698213,242021.49506948236,2324.0,0.5337497604077663
205312100,79415.20036412838,242021.53994657565,2323.96,0.6702530811644849
205312200,79415.20021481201,242021.5510642957,2323.945,0.18670916021084288
205312300,79415.20006546537,242021.562181958,2323.938,0.1313784949496014
205312400,79415.21563592575,242021.52903251443,2323.912,0.4491228642764058
205312500,79415.22334635633,242021.51801636163,2323.929,0.21674282073166537
205312600,79415.23075816156,242021.529235675,2323.914,0.20143845348021067
205312700,79415.20852301364,242021.4955782825,2323.888,0.4798927442239047
205312800,79415.21623358729,242021.48456242122,2323.867,0.24935406422604317
205312900,79415.22394417286,242021.47354658693,2323.843,0.2750953462955421
205313000,79415.2315052945,242021.47364817653,2323.843,0.0756117717942173
205313100,79415.23210274465,242021.42917766143,2323.854,0.4581102001638976
205313200,79415.22484051246,242021.40684114583,2323.816,0.4467195734809787
205313300,79415.20170913752,242021.43988942448,2323.787,0.4967867285079106
205313400,79415.20141054652,242021.46212495212,2323.746,0.4664131565244202
205313500,79415.1928041008,242021.53984719794,2323.67,1.090400071583913
205313600,79415.15440118632,242021.58381005935,2323.621,0.7620980595140828
205313700,79415.14698939206,242021.57259077113,2323.633,0.1802150119808787
205313800,79415.13942827044,242021.5724891806,2323.633,0.07561177045107836
205313900,79415.13957750735,242021.56137130037,2323.669,0.3767762053672597
205314000,79415.13141882271,242021.6057399977,2323.688,0.48947123414639354
205314100,79415.11525101932,242021.68336017057,2323.675,0.8033826903079995
205314200,79415.11495185466,242021.7055945415,2323.786,1.1320517834695196
205314300,79415.08410971166,242021.74965828098,2323.83,0.694866307318327
205314400,79415.07714590736,242021.70508591086,2323.876,0.644268644250054
205314500,79415.05446243759,242021.70478093065,2323.904,0.3603529637391052
205314600,79415.02391901768,242021.72660940886,2323.954,0.6252323327769458
205314700,79415.03192808705,242021.693357829,2323.999,0.5652078599628577
205314800,79415.04764771092,242021.64909035526,2324.028,0.5520267281380694
205314900,79415.04038519513,242021.6267532697,2324.065,0.4382446598235277
205315000,79415.04038504415,242021.62675296236,2324.105,0.3999999999996362
205315100,79415.04083302988,242021.59339987207,2324.14,0.4834695213324023
205315200,79415.0406836008,242021.6045173658,2324.155,0.186709151787388
205315300,79415.03327168927,242021.5932978401,2324.198,0.4505301845471076
205315400,79415.03357038945,242021.57106253318,2324.21,0.25266824500035634
205315500,79415.04068335534,242021.6045168694,2324.22,0.3563143625473828
205315600,79415.0334209298,242021.58217996638,2324.233,0.26843691170004225
205315700,79415.04854313552,242021.58238306828,2324.243,0.18129688172308242
205315800,79415.0562535583,242021.57136690523,2324.262,0.23276050083282443
205315900,79415.07167451677,242021.54933480453,2324.27,0.2805526600373319
205316000,79415.10162029168,242021.57197644468,2324.261,0.38602522435166753
205316100,79415.12430380374,242021.5722815087,2324.222,0.45116987762354244
205316200,79415.1546976675,242021.56157026533,2324.221,0.32238881596587193
205316300,79415.17011868244,242021.5395382801,2324.214,0.2778665122205493
205316400,79415.1852408317,242021.53974126745,2324.239,0.2921789850818165
205316500,79415.20792429522,242021.54004623182,2324.213,0.34504240274865644
205316600,79415.23045828329,242021.55146860052,2324.214,0.252813308557299
205316700,79415.23831810543,242021.52933488227,2324.226,0.26373922742202904
205316800,79415.24572981281,242021.54055399448,2324.237,0.17371657939426605
205316900,79415.26841317436,242021.54085875396,2324.238,0.2270556299368275
205317000,79415.28338603326,242021.55217951722,2324.241,0.19007595912246963
205317100,79415.3211917402,242021.55268766358,2324.215,0.45883384552467427
205317200,79415.3284542737,242021.57502478547,2324.173,0.4812051281543941
205317300,79415.34387518435,242021.5529925907,2324.194,0.3411887973854463
205317400,79415.37426901786,242021.542281284,2324.201,0.329749220789831
205317500,79415.36700657479,242021.51994434185,2324.219,0.29590265339124244
205317600,79415.37456756036,242021.5200456567,2324.255,0.3678547809002428
205317700,79415.39754969878,242021.4981152648,2324.248,0.32526219731437855
205317800,79415.39740037454,242021.50923296995,2324.235,0.171056449556653
205317900,79415.40496148492,242021.50933453627,2324.238,0.0813458040132838
205318000,79415.38983919215,242021.50913125835,2324.251,0.19942056096705796
205318100,79415.38272605075,242021.47567656264,2324.288,0.5038451396545114
205318200,79415.37531424173,242021.4644572446,2324.304,0.20899150641509237
205318300,79415.37531421911,242021.46445719898,2324.31,0.05999999999858119
205318400,79415.37561293169,242021.44222191535,2324.319,0.2398775366337086
205318500,79415.37606103628,242021.4088690607,2324.323,0.3359208158710608
205318600,79415.37621030393,242021.39775123913,2324.351,0.30126451785918695
205318700,79415.37650899359,242021.37551590893,2324.366,0.26821864297708026
205318800,79415.37680772526,242021.35328066163,2324.37,0.22592308523885243
205318900,79415.38436881709,242021.3533821907,2324.378,0.11007788167604353
205319000,79415.38466754455,242021.3311469378,2324.383,0.22790619249598154
205319100,79415.37725572799,242021.31992760208,2324.401,0.22467187655424076
205319200,79415.40023790099,242021.2979972763,2324.385,0.3556620588829995
205319300,79415.39282607657,242021.28677792568,2324.405,0.24099263464867576
205319400,79415.40794833965,242021.28698114306,2324.4,0.15927510833633413
205319500,79415.40809761488,242021.2758633364,2324.426,0.28277254059421536
205319600,79415.38571293857,242021.25332323927,2324.441,0.35127694887055044
205319700,79415.38586226651,242021.24220553972,2324.453,0.16358578461898285
205319800,79415.3934234489,242021.24230725132,2324.437,0.17696649295241218
205319900,79415.38586222882,242021.2422054652,2324.463,0.27077137889585745
205320000,79415.38601156806,242021.23108778615,2324.472,0.14303954998624363
205320100,79415.38616097538,242021.21997024864,2324.463,0.14303952800793482
205320200,79415.37859978889,242021.2198685296,2324.48,0.18605681936781143
205320300,79415.37859978515,242021.21986852214,2324.481,0.010000000002037268
205320400,79415.37889853529,242021.19763331488,2324.48,0.2225786198327112
205320500,79415.38675835519,242021.17549958732,2324.493,0.2684369091254467
205320600,79415.38690768313,242021.16438188776,2324.505,0.1635857918162922
205320700,79415.39476757072,242021.14224830084,2324.5,0.24012159106093922
205320800,79415.3876544247,242021.10879359674,2324.538,0.5112337280537474
205320900,79415.39536481044,242021.0977773564,2324.567,0.31965207668415324
205321000,79415.39566348933,242021.07554200385,2324.585,0.2860790807253709
205321100,79415.39611163933,242021.04218924418,2324.577,0.3429909367742685
205321200,79415.41153255175,242021.02015704475,2324.598,0.34118880024101045
205321300,79415.4192430284,242021.0091409851,2324.603,0.14344843215604902
205321400,79415.42710289345,242020.98700735345,2324.604,0.2350709943822243
205321500,79415.4425238097,242020.9649751624,2324.624,0.3351265511271498
205321600,79415.44282246956,242020.94273977354,2324.647,0.31990816269283917
205321700,79415.4431211709,242020.92050446477,2324.659,0.25266824182904524
205321800,79415.44327049555,242020.90938675962,2324.672,0.1710564541153977
205321900,79415.45098095748,242020.8983706711,2324.681,0.16179446454281846
205322000,79415.47411243356,242020.8653225936,2324.684,0.4044713106859163
205322100,79415.46684995225,242020.84298557416,2324.712,0.36545640207521685
205322200,79415.47456044439,242020.83196954895,2324.713,0.1348237692457994
205322300,79415.46729795166,242020.80963250622,2324.744,0.38891950355266286
205322400,79415.4750084174,242020.798616427,2324.752,0.15645270454008015
205322500,79415.46759655522,242020.78739700094,2324.782,0.3287513491109634
205322600,79415.46018469635,242020.77617758326,2324.811,0.3196520720747823
205322700,79415.46789518482,242020.7651615506,2324.813,0.1359317884563679
205322800,79415.46804442994,242020.75404368155,2324.847,0.35771540103500254
205322900,79415.47575493332,242020.74302767776,2324.845,0.1359317942332709
205323000,79415.46849239129,242020.72069053818,2324.889,0.4987568253322606
205323100,79415.47635226858,242020.6985569289,2324.887,0.23570826238494014
205323200,79415.4765015287,242020.68743908964,2324.917,0.31993797913055483
205323300,79415.47680013975,242020.6652036002,2324.953,0.4231326417862551
205323400,79415.48480939785,242020.63195239473,2324.949,0.34432533233332646
205323500,79415.48495867683,242020.62083459646,2324.974,0.2736061214790119
205323600,79415.49281851297,242020.59870090336,2324.983,0.2515121843169411
205323700,79415.50067831454,242020.57656713948,2325.001,0.29590264234589203
205323800,79415.50097707294,242020.55433194712,2324.998,0.22436853350939856
205323900,79415.50127566497,242020.53209641762,2325.039,0.46641316490772744
205324000,79415.5166966654,242020.51006439608,2325.037,0.26964755089226883
205324100,79415.52470585637,242020.47681305557,2325.051,0.3695401470975844
205324200,79415.51729395181,242020.46559354477,2325.092,0.43148285078942494
205324300,79415.51759259318,242020.44335811678,2325.12,0.3575489276743247
205324400,79415.53286420924,242020.43244368024,2325.121,0.18795975692275332
205324500,79415.51804058884,242020.41000504047,2325.153,0.4179830122673097
205324600,79415.51818990576,242020.39888732042,2325.168,0.18670916437872953
205324700,79415.51848864138,242020.37665208057,2325.171,0.22436851247767317
205324800,79415.52619902887,242020.36563584115,2325.2,0.3196520809908798
205324900,79415.53390953293,242020.3546198383,2325.198,0.1359317826518988
205325000,79415.52664706238,242020.33228284214,2325.223,0.3430136689392519
205325100,79415.51938461773,242020.30994589906,2325.241,0.29590265627641643
205325200,79415.53480557396,242020.28791378532,2325.251,0.2868968430508899
205325300,79415.52739372231,242020.27669438254,2325.278,0.3016246793149198
205325400,79415.52754304274,242020.26557666715,2325.292,0.17877446822448287
205325500,79415.5276923637,242020.25445895363,2325.306,0.17877446382821366
205325600,79415.52057929257,242020.2210044032,2325.324,0.38647111794374595
205325700,79415.52814034054,242020.22110583913,2325.344,0.2138156683542798
205325800,79415.53585082221,242020.21008979063,2325.348,0.14027633556402702
205325900,79415.52843898929,242020.19887042698,2325.37,0.2578322135044292
205326000,79415.53629875416,242020.1767365858,2325.398,0.3654563977271524
205326100,79415.5288868869,242020.16551715042,2325.429,0.33790153705946363
205326200,79415.52147509925,242020.15429787803,2325.439,0.1675632708397466
205326300,79415.53689602918,242020.13226571213,2325.456,0.3181348747587003
205326400,79415.5371947498,242020.11003044527,2325.463,0.2331120701137196
205326500,79415.52933478486,242020.1321638776,2325.488,0.34301366891356394
205326600,79415.52963351275,242020.10992862377,2325.493,0.22790620270788214
205326700,79415.52207233256,242020.10982692149,2325.508,0.1679795821922359
205326800,79415.52192295922,242020.12094452884,2325.508,0.1111769332508672
205326900,79415.50695007402,242020.10962371994,2325.511,0.19007595906997898
205327000,79415.49953826789,242020.0984044075,2325.526,0.201438448520716
205327100,79415.49212651775,242020.08718521055,2325.526,0.1344524069569714
205327200,79415.48471466903,242020.07596581336,2325.552,0.2927071084034951
205327300,79415.46218073618,242020.06454356946,2325.535,0.3044906700963556
205327400,79415.44705831882,242020.0643400466,2325.58,0.4747299865566664
205327500,79415.424374899,242020.06403518096,2325.593,0.2614464734443878
205327600,79415.40184079204,242020.05261258408,2325.622,0.3845966292302593
205327700,79415.40940189683,242020.05271413457,2325.627,0.09064843974245122
205327800,79415.37930662825,242020.04118987173,2325.666,0.5058997408387127
205327900,79415.36433371638,242020.0298690088,2325.676,0.2126707969091727
205328000,79415.35692192076,242020.01864971966,2325.688,0.18021501570912404
205328100,79415.34194894078,242020.0073287189,2325.716,0.3370888159059703
205328200,79415.341799583,242020.018446357,2325.712,0.11815375782001655
205328300,79415.3342384289,242020.01834470686,2325.72,0.11007788259533037
205328400,79415.3345371674,242019.99610947818,2325.722,0.22325150410678668
205328500,79415.34224769077,242019.98509351257,2325.715,0.15158315048207394
205328600,79415.33468651805,242019.98499182425,2325.728,0.15038996055842932
205328700,79415.31986292974,242019.96255325433,2325.751,0.35384996332337904
205328800,79415.33468642744,242019.98499164172,2325.752,0.2690906846088704
205328900,79415.33513459594,242019.9516389165,2325.739,0.3579703753730503
205329000,79415.33543340245,242019.9294038238,2325.723,0.27393655981208115
205329100,79415.34314392581,242019.91838785727,2325.716,0.15158314269460538
205329200,79415.35085450958,242019.90737201367,2325.693,0.2664159314648655
205329300,79415.32075911948,242019.89584750775,2325.764,0.7797015756151874
205329400,79415.29081315505,242019.8732055016,2325.821,0.6825067595937382
205329500,79415.29822490209,242019.88442469202,2325.822,0.13482377428210088
205329600,79415.32090825832,242019.8847294273,2325.826,0.230335103046246
205329700,79415.32120703458,242019.8624942731,2325.818,0.23630750897518643
205329800,79415.29141061324,242019.82873500045,2325.83,0.46595817986834465
205329900,79415.26902587399,242019.8061947897,2325.86,0.436915893363179
205330000,79415.25405294618,242019.794873897,2325.874,0.23415565381888928
205330100,79415.26962317746,242019.7617239775,2325.91,0.5135283266559519
205330200,79415.23922917264,242019.7724349536,2325.946,0.4831506471374959
205330300,79415.21654580429,242019.7721301932,2325.945,0.22705562993682085
205330400,79415.2241069775,242019.77223188244,2325.932,0.15038995921177653
205330500,79415.2018716674,242019.73857417982,2325.947,0.43034525865249434
205330600,79415.17918814071,242019.73826909717,2325.988,0.4685661729941252
205330700,79415.13352227747,242019.75989402458,2326.087,1.111466722299989
205330800,79415.04263865101,242019.7697910173,2326.29,2.2263262231422085
205330900,79414.98140269905,242019.8245661473,2326.316,0.861687122140258
205331000,79414.97324415323,242019.8689351268,2326.298,0.4856769420832832
205331100,79414.98095473263,242019.8579192767,2326.276,0.25783221084409746
205331200,79414.99697339222,242019.79141716566,2326.229,0.8299034360507813
205331300,79415.07258507729,242019.79243395478,2326.111,1.4014685116571808
205331400,79415.07288391663,242019.77019892912,2326.086,0.33457620538304567
205331500,79415.09706153594,242019.65932867024,2325.948,1.7865847926898215
205331600,79415.12049207746,242019.604046016,2325.867,1.0082469923217057
205331700,79415.16705448787,242019.51571606845,2325.686,2.0671180059416447
205331800,79415.19108236296,242019.41596266348,2325.647,1.097606187862549
205331900,79415.16203279479,242019.32661533635,2325.661,0.9498073758859811
205332500,79415.25724809214,242018.99430741463,2325.498,3.82157647998206
205332600,79415.28734323395,242019.00583141018,2325.494,0.3247068656535491
205332700,79415.35494526579,242019.04009859078,2325.487,0.7610723492561432
205332800,79415.40757437082,242019.06304488238,2325.493,0.5772184077994124
205332900,79415.36250650749,242019.04020041507,2325.456,0.6262254174952455
205333000,79415.38518982915,242019.0405050777,2325.47,0.26656004666075916
205333100,79415.37777804009,242019.0292858025,2325.48,0.16756326959823922
205333200,79415.36265574848,242019.02908253856,2325.491,0.18699882280148006
205333300,79415.36295454387,242019.0068474235,2325.478,0.25756793036422754
205333400,79415.40046125631,242019.02959024906,2325.522,0.6212646268305924
205333500,79415.40061059521,242019.01847257186,2325.531,0.14303954439509636
205333600,79415.43070561269,242019.02999631688,2325.56,0.4335141868238689
205333700,79415.4234432525,242019.00765954796,2325.555,0.24012159209326253
205333800,79415.44657480043,242018.97461160086,2325.541,0.42696258250796365
205333900,79415.44657470597,242018.974611409,2325.566,0.24999999999636202
205334000,79415.45428519665,242018.96359537542,2325.568,0.13593177680858243
205334100,79415.46970612153,242018.9415631937,2325.587,0.329256430939525
205334200,79415.477267341,242018.9416649742,2325.562,0.26118411098533534
205334300,79415.49238962513,242018.9418682214,2325.553,0.17597886044355954
205334400,79415.49313638621,242018.88627996948,2325.581,0.622420878503898
205334500,79415.50840800998,242018.87536554039,2325.581,0.187693547678235
205334600,79415.51581987133,242018.88658495806,2325.552,0.3196520735810581
205334700,79415.53850328409,242018.8868898023,2325.542,0.24789969438695886
205334800,79415.51596935393,242018.87546757422,2325.523,0.31609265506603856
205334900,79415.53895140813,242018.85353698768,2325.541,0.36509655661360085
205335000,79415.54681130307,242018.83140340727,2325.535,0.24240128281819795
205335100,79415.56949472748,242018.83170827385,2325.522,0.26144647344439165
205335200,79415.58476655922,242018.82079426572,2325.467,0.5811444469729833
205335300,79415.5923277673,242018.82089602388,2325.445,0.23263090901782113
205335400,79415.63058160867,242018.78805133794,2325.42,0.5627355415060264
205335500,79415.6379934882,242018.79927079193,2325.386,0.3656192682437068
205335600,79415.6381429034,242018.78815326933,2325.375,0.15639792096648575
205335700,79415.64540511544,242018.8104897393,2325.419,0.4987568396033039
205335800,79415.62197478498,242018.86577283312,2325.442,0.642932327416766
205335900,79415.62152666037,242018.89912565146,2325.443,0.3336806629243188
205336000,79415.61306958432,242018.96573029459,2325.366,1.0215616980342972
205336100,79415.62834127246,242018.95481599495,2325.349,0.2532367891827184
205336200,79415.60595649717,242018.93227571435,2325.388,0.5029865756587005
205336300,79415.63620083884,242018.9326817505,2325.43,0.5175656848204813
205336400,79415.69758591952,242018.86678849254,2325.473,0.9978818135323043
205336500,79415.65978028253,242018.8662805222,2325.476,0.3792472779070232
205336600,79415.57675726459,242018.85404540133,2325.48,0.8400798979854449
205336700,79415.56163487819,242018.85384194553,2325.516,0.3904722265790869
205336800,79415.553028388,242018.93156411592,2325.45,1.0232166453998561
205336900,79415.53790623194,242018.93136112764,2325.425,0.2921789857730926
205337000,79415.58267559034,242018.9764413014,2325.398,0.6902767461435243
205337100,79415.59053547766,242018.95430770516,2325.394,0.2382401699616537
205337200,79415.60565773469,242018.95451089926,2325.392,0.1525403530970281
205337300,79415.61292025978,242018.97684800066,2325.353,0.45525638774343197
205337400,79415.60506044076,242018.99898173567,2325.339,0.2734197845276258
205337500,79415.61232276527,242019.02131843287,2325.353,0.27341977878988316
205337600,79415.61988378882,242019.02141981665,2325.38,0.2803874819497021
205337700,79415.61973440737,242019.0325374091,2325.382,0.11296154770855271
205337800,79415.60416405568,242019.0656870911,2325.377,0.3696097192470954
205337900,79415.61127711275,242019.09914161172,2325.363,0.36954016573356624
205338000,79415.61898741887,242019.08812520374,2325.414,0.5274253054877759
205338100,79415.59585591604,242019.1211732449,2325.416,0.4038527532228316
205338200,79415.58829480273,242019.12107167672,2325.413,0.08134580401496089
205338300,79415.56516333004,242019.1541197775,2325.407,0.40779534638396897
205338400,79415.57242580992,242019.17645678855,2325.38,0.35785245613433075
205338500,79415.56516339055,242019.15411990043,2325.391,0.2593422070567484
205338600,79415.57257521729,242019.16533925012,2325.371,0.24099264232311737
205338700,79415.56516354169,242019.1541202059,2325.351,0.24099264232311737
205338800,79415.58799634987,242019.1433074884,2325.335,0.2990226877865161
205338900,79415.57227681766,242019.18757516798,2325.279,0.7309127955859249
205339000,79415.57953918043,242019.20991194248,2325.283,0.23824016049032726
205339100,79415.58724973132,242019.19889603183,2325.269,0.19410679520560095
205339200,79415.59451221421,242019.22123305034,2325.241,0.36545639980284833
205339300,79415.6017747919,242019.24357025884,2325.188,0.5797054185536274
205339400,79415.6317205659,242019.2662118785,2325.182,0.3801519190863302
205339500,79415.62371167567,242019.29946382996,2325.088,1.0002799218784864
205339600,79415.64624560735,242019.31088606827,2325.106,0.3101847323269507
205339700,79415.66848092027,242019.34454378113,2325.09,0.43393207840787207
205339800,79415.6607703125,242019.3555595791,2325.119,0.31965207450230937
205339900,79415.68330426738,242019.3669818649,2325.131,0.27966867679242047
205340000,79415.67529507761,242019.40023321472,2325.116,0.373443335592302
205340100,79415.68285604416,242019.400334483,2325.158,0.4267518483066686
205340200,79415.69782895723,242019.411655345,2325.148,0.21267080057948262
205340300,79415.70524080584,242019.42287474032,2325.122,0.29270710669826966
205340400,79415.70479273726,242019.4562276723,2325.108,0.3617219783111877
205340500,79415.70464345785,242019.4673454687,2325.083,0.27360611570590565
205340600,79415.71205527264,242019.47856479697,2325.066,0.21674282429054312
205340700,79415.70434482378,242019.48958091717,2325.053,0.1870225888361603
205340800,79415.71160716268,242019.51191764418,2325.063,0.255261392715639
205340900,79415.70374724554,242019.53405117616,2325.075,0.26373921865554334
205341000,79415.71145781537,242019.52303530555,2325.056,0.23276049313402725
205341100,79415.69588751356,242019.55618508812,2325.038,0.40805801861371604
205341200,79415.68817709868,242019.56720127352,2325.016,0.257832208920123
205341300,79415.67260675861,242019.60035097878,2325.008,0.3748484356840178
205341400,79415.67230817719,242019.62258652877,2324.964,0.4929921221422589
205341500,79415.66459771733,242019.63360262383,2324.954,0.16756327490118164
205341600,79415.66444840767,242019.6447203597,2324.937,0.20312633731628071
205341700,79415.6487288725,242019.68898803368,2324.882,0.723279690924158
205341800,79415.65629001158,242019.68908965122,2324.878,0.08554028191835844
205341900,79415.64843018155,242019.711223362,2324.867,0.25934221581589045
205342000,79415.63300949949,242019.73325603176,2324.784,0.8724733744260152
205342100,79415.64798233987,242019.74457675125,2324.793,0.20815588904219948
205342200,79415.62514973752,242019.7553898804,2324.755,0.4563053440763538
205342300,79415.62470174111,242019.78874295298,2324.722,0.4691937605241835
205342400,79415.6169913684,242019.79975922685,2324.689,0.3563389539622575
205342500,79415.61684203237,242019.81087690964,2324.679,0.14953364332682742
205342600,79415.60172001841,242019.81067420356,2324.617,0.6381759633002254
205342700,79415.60157064867,242019.82179182023,2324.616,0.11162575379642337
205342800,79415.61684238352,242019.81087762117,2324.586,0.3538769122833719
205342900,79415.67021856806,242019.77823632117,2324.534,0.8135002399497745
205343000,79415.66265764428,242019.77813513484,2324.481,0.5353663603827867
205343100,79415.63997455534,242019.77783093974,2324.406,0.7835523333448445
205343200,79415.6325628505,242019.76661183126,2324.394,0.18021500698684917
205343300,79415.64753580035,242019.77793277334,2324.374,0.2742788155167191
205343400,79415.65509699594,242019.7780345073,2324.355,0.20449239553074983
205343500,79415.64708792452,242019.8112860918,2324.309,0.5732014716505934
205343600,79415.63967630621,242019.8000671612,2324.274,0.374936595337255
205343700,79415.63181640499,242019.82220072672,2324.282,0.24810961010502117
205343800,79415.62380727308,242019.85545218736,2324.252,0.4549284833412086
205343900,79415.62380760504,242019.85545285977,2324.164,0.8799999999973807
205344000,79415.63922861544,242019.83342085406,2324.16,0.27186356022452646
205344100,79415.67733298657,242019.8116935948,2324.159,0.4387137296527551
205344200,79415.67733311479,242019.8116938537,2324.125,0.340000000001055
205344300,79415.67718385784,242019.82281169947,2324.094,0.329333127562751
205344400,79415.66977229602,242019.81159288064,2324.044,0.5177619616641018
205344500,79415.66221122527,242019.8114914,2324.03,0.15911360667717558
205344600,79415.66221122527,242019.8114914,2324.03,0.0
205344700,79415.6623606594,242019.80037391465,2324.014,0.1948340588483242
205344800,79415.65465030551,242019.81139022205,2323.976,0.40308491700620014
205344900,79415.67007148542,242019.78935856,2323.927,0.5589363123458326
205345000,79415.65494929068,242019.7891554879,2323.913,0.20607901233101644
205345100,79415.66236110855,242019.8003748227,2323.895,0.22467187254255291
205345200,79415.64738846866,242019.7890545074,2323.833,0.64778767339511
205345300,79415.65524846819,242019.76692114025,2323.799,0.41322920262476365
205345400,79415.64783689547,242019.75570230372,2323.752,0.4888531999495644
205345500,79415.6402758806,242019.755600933,2323.723,0.2996950784277897
205345600,79415.63271492657,242019.75549968798,2323.678,0.4563081632311678
205345700,79415.63241628106,242019.77773510944,2323.651,0.3497731269899727
205345800,79415.62515401017,242019.75539851747,2323.623,0.3654564001311301
205345900,79415.62515409313,242019.75539868698,2323.601,0.21999999999934516
205346000,79415.61759309779,242019.75529735722,2323.567,0.3483061004753612
205346100,79415.62530365151,242019.74428145215,2323.552,0.2014384446038375
205346200,79415.6177426373,242019.74418008514,2323.523,0.29969507775005905
205346300,79415.62545324021,242019.73316427786,2323.495,0.310608200218101
205346400,79415.61789224509,242019.73306294903,2323.461,0.3483061004753612
205346500,79415.61804172813,242019.72194556426,2323.432,0.31058059337201593
205346600,79415.61048079634,242019.72184436303,2323.381,0.5155745727178107
205346700,79415.6186394868,242019.67747566476,2323.362,0.48947124359119765
205346800,79415.61834085282,242019.69971111044,2323.332,0.37341831396731573
205346900,79415.6184903434,242019.68859373964,2323.301,0.3293331311424471
205347000,79415.61122806816,242019.66625714302,2323.274,0.3578524473835362
205347100,79415.61908795478,242019.64412354399,2323.27,0.23824017704948633
205347200,79415.6343598258,242019.63320961967,2323.204,0.6861697080394675
205347300,79415.63435979559,242019.63320955914,2323.212,0.07999999999810825
205347400,79415.64207026694,242019.62219348736,2323.219,0.15158314911681256
205347500,79415.65734193439,242019.61127915047,2323.207,0.22277537179704715
205347600,79415.67276293735,242019.58924712706,2323.205,0.26964754422389153
205347700,79415.66520195303,242019.58914582152,2323.168,0.37764684538510196
205347800,79415.68047363193,242019.57823150698,2323.153,0.24026832960169542
205347900,79415.69574525076,242019.5673170723,2323.154,0.18795975479527727
205348000,79415.69574529218,242019.5673171552,2323.143,0.10999999999967258
205348100,79415.70360517863,242019.54518355802,2323.139,0.23824016671348486
205348200,79415.71116639371,242019.54528533202,2323.115,0.2516289725615634
205348300,79415.71887691428,242019.53426935896,2323.109,0.14723264346115097
205348400,79415.7187275746,242019.54538703896,2323.1,0.14303954441655192
205348500,79415.73414851044,242019.52335487865,2323.116,0.31290541211583706
205348600,79415.73414853292,242019.52335492335,2323.11,0.05999999999858119
205348700,79415.7415604004,242019.53457435686,2323.079,0.3379015344170668
205348800,79415.72643822384,242019.53437132481,2323.06,0.24283442779777412
205348900,79415.7417098425,242019.52345688827,2323.061,0.18795974743843594
205349000,79415.72643828018,242019.53437143564,2323.045,0.24663508804978326
205349100,79415.74912177754,242019.53467645682,2323.012,0.400442579011535
205349200,79415.74156072922,242019.53457502276,2322.992,0.21381566835427665
205349300,79415.75683238146,242019.52366065606,2322.984,0.20403153448358546
205349400,79415.7338504761,242019.54559153598,2322.927,0.6525300726221167
205349500,79415.72628928792,242019.54548981693,2322.944,0.18605681936781684
205349600,79415.68833413039,242019.5560991494,2322.987,0.5832570679053797
205349700,79415.65022930107,242019.57782548573,2323.109,1.2964450367968643
205349800,79415.52835484619,242019.64290524088,2323.169,1.5061736140791624
205349900,79415.43672492827,242019.70839143638,2323.219,1.2321685390289872
205350000,79415.37593767216,242019.72981491126,2323.091,1.4330869425904085
205350100,79415.34658946762,242019.6627030149,2323.077,0.7456844922267295
205350200,79415.32450365555,242019.61792795546,2323.059,0.5306780796798776
205350300,79415.33266260041,242019.57355977688,2322.972,0.9799908599129387
205350400,79415.2948572362,242019.5730523495,2322.904,0.7780285963813273
205350500,79415.2727716233,242019.52827769145,2322.833,0.867939639223888
205350600,79415.24207910168,242019.56122435164,2322.808,0.5149922606461256
205350700,79415.25750019401,242019.5391925117,2322.782,0.3740451803370548
205350800,79415.25764968415,242019.52807513997,2322.751,0.32933313114011586
205350900,79415.27307063708,242019.50604301877,2322.762,0.2905336389406735
205351000,79415.27277194006,242019.528278335,2322.749,0.257567924299485
205351100,79415.25764983115,242019.528075438,2322.712,0.3997105949656375
205351200,79415.25779930981,242019.51695804484,2322.684,0.30126451389589687
205351300,79415.28063217283,242019.50614544004,2322.653,0.3998931977015259
205351400,79415.28063227079,242019.50614564028,2322.627,0.2599999999983993
205351500,79415.27292186026,242019.51716183312,2322.604,0.26641593479139997
205351600,79415.27292195872,242019.5171620315,2322.578,0.2599999999983993
205351700,79415.28789498906,242019.52848313004,2322.537,0.45092002246346685
205351800,79415.2878950607,242019.52848327346,2322.518,0.18999999999778083
205351900,79415.30331619117,242019.5064515127,2322.482,0.44934373807851413
205352000,79415.3261490582,242019.49563891534,2322.45,0.40769421064244155
205352100,79415.33415839967,242019.46238787938,2322.424,0.429604389848876
205352200,79415.34957953822,242019.44035613444,2322.386,0.4655209888392935
205352300,79415.35002772546,242019.40700344648,2322.368,0.37900236716231567
205352400,79415.3731593766,242019.37395571172,2322.326,0.5823203937510764
205352500,79415.36619581246,242019.3293838296,2322.308,0.4856769450032074
205352600,79415.38146754415,242019.31846962124,2322.279,0.34544010629007926
205352700,79415.37420515095,242019.2961327862,2322.283,0.23824017946366016
205352800,79415.35893358523,242019.30704732984,2322.268,0.240268327960107
205352900,79415.33639961485,242019.29562501516,2322.26,0.2649803177175075
205353000,79415.32913731918,242019.2732883785,2322.238,0.32180486924874224
205353100,79415.34440898303,242019.26237403322,2322.227,0.21755199332750405
205353200,79415.33684805859,242019.26227284782,2322.174,0.5353663603827861
205353300,79415.34411050516,242019.28460978903,2322.156,0.29590264787159704
205353400,79415.33625082682,242019.30674380623,2322.105,0.5614787413809702
205353500,79415.32868978512,242019.3066423852,2322.083,0.23263090901782257
205353600,79415.33595229953,242019.32897946518,2322.047,0.4298352942285935
205353700,79415.35122411043,242019.31806541607,2321.997,0.5340682243442512
205353800,79415.35077613844,242019.35141853523,2321.958,0.5131693484052685
205353900,79415.36559976182,242019.37385717686,2321.926,0.4179830136100992
205354000,79415.3500295482,242019.40700713173,2321.885,0.5497375208433761
205354100,79415.36515192171,242019.40721056145,2321.852,0.36299939300959805
205354200,79415.35714272279,242019.4404618889,2321.84,0.3624361107115451
205354300,79415.39494839411,242019.44096993562,2321.827,0.39978556477139077
205354400,79415.39464979125,242019.4632054381,2321.789,0.44027404070019294
205354500,79415.39405242706,242019.5076761311,2321.755,0.5597901047511818
205354600,79415.39390317442,242019.51879398245,2321.723,0.3387629119020723
205354700,79415.40101628112,242019.5522486018,2321.696,0.43572919005139316
205354800,79415.40056831234,242019.58560173027,2321.656,0.5208097396331594
205354900,79415.40783080725,242019.60793877114,2321.625,0.3889195017179749
205355000,79415.4303649158,242019.61936136987,2321.596,0.384596627176738
205355100,79415.42250529058,242019.64149549138,2321.531,0.6911283384316389
205355200,79415.43762757664,242019.641698746,2321.521,0.18129688172308242
205355300,79415.44489007497,242019.6640357962,2321.489,0.39693624394669724
205355400,79415.4450395348,242019.652918363,2321.466,0.2554609779771442
205355500,79415.46772294152,242019.65322319977,2321.457,0.24403741454010813
205355600,79415.46772301303,242019.65322334412,2321.438,0.18999999999778083
205355700,79415.45230215373,242019.67525565624,2321.402,0.4493437459993977
205355800,79415.4598633236,242019.67535733618,2321.39,0.14183490486260442
205355900,79415.45185427173,242019.70860896166,2321.339,0.6140520579307384
205356000,79415.45185432828,242019.7086090753,2321.324,0.1499999999987267
205356100,79415.43673224255,242019.70840622392,2321.281,0.4558163657922081
205356200,79415.41375019957,242019.73033682443,2321.261,0.3753604788027686
205356300,79415.38365511045,242019.71881292667,2321.252,0.3345662001327936
205356400,79415.36868212235,242019.70749191288,2321.282,0.35387691281988976
205356500,79415.33042846948,242019.74033696484,2321.259,0.5541401312566334
205356600,79415.30759587919,242019.7511501182,2321.218,0.48157508844961094
205356700,79415.30048297615,242019.71769591328,2321.191,0.4357291824376859
205356800,79415.30819329576,242019.70667953696,2321.238,0.4888531987557574
205356900,79415.3154552209,242019.72901542485,2321.358,1.2227666862437994
205357000,79415.30152751188,242019.63987048436,2321.476,1.485371455694976
205357100,79415.24103863568,242019.63905800972,2321.445,0.6797035768754406
205357200,79415.23437326605,242019.57224979438,2321.573,1.4453678698514705
205357300,79415.22696121612,242019.56102999486,2321.652,0.8013597506321625
205357400,79415.19671668911,242019.5606235778,2321.66,0.31284858524793696
205357500,79415.1731369287,242019.62702415232,2321.7,0.8102008417493427
205357600,79415.23347641322,242019.63895419613,2321.736,0.7126410489007736
205357700,79415.26327274168,242019.67271327786,2321.749,0.4686331491301294
205357800,79415.33873485125,242019.68484726362,2321.685,0.9968321315704859
205357900,79415.33813803058,242019.72931905463,2321.507,1.834711134987337
205358000,79415.33858632737,242019.6959665902,2321.46,0.5763182955910976
205358100,79415.27068556854,242019.68393464945,2321.464,0.6906870790848966
205358200,79415.2938170413,242019.65088655613,2321.469,0.40644439224550355
205358300,79415.37047384166,242019.57407908607,2321.483,1.0940608544358046
205358400,79415.40191351263,242019.48554496188,2321.433,1.0642058317057
205358500,79415.43365194293,242019.37477564625,2321.38,1.268229156114607
205358600,79415.49578434402,242019.25329527445,2321.301,1.5765768086913061
205358700,79415.5743835137,242019.03195993043,2321.181,2.6373922354912467
205358800,79415.59279238906,242018.7875765618,2321.073,2.677995222736699
205358900,79415.57234989872,242018.62050824892,2320.998,1.842559070051241
205359000,79415.68343415702,242018.23281508684,2320.886,4.18525251817013
205359100,79415.68821460547,242017.87705262844,2320.756,3.787737716123886
205359200,79415.69314450251,242017.51017271634,2320.606,3.963631793829559
205359300,79415.72075779698,242017.1435976047,2320.452,3.985402286002945
205359400,79415.76364257943,242016.76610777434,2320.336,3.9720330156069528
205359500,79415.6865951774,242016.3091697581,2320.154,4.978137626934984
205359600,79415.63163368596,242015.8970070053,2319.964,4.571341219199034
205359700,79415.59224251173,242015.45169450063,2319.788,4.80415572342014
205359800,79415.59110514252,242014.9735372085,2319.601,5.133890268448003
205359900,79415.66722268908,242014.3741031373,2319.281,6.8370864162137615
205360000,79415.72717244992,242013.8522893032,2318.94,6.261961623248654
205360100,79415.59068279993,242013.3167178426,2318.428,7.533687019248063
205360200,79415.39295693854,242012.83592118882,2317.984,6.83634457351558
205360300,79415.18841675746,242012.2994348863,2317.544,7.233283506665042
205360400,79415.0301393681,242011.6968520563,2317.159,7.323404785148246
205360500,79414.74909188593,242011.22605624795,2316.625,7.653413338319903
205360600,79414.49694469191,242010.85572554078,2316.056,7.241925881620506
205360700,79414.30453934804,242010.5417948719,2315.58,6.017712941078689
205360800,79414.05269092669,242010.14922915492,2314.987,7.544222466178106
205360900,79413.86237650923,242009.6796515854,2314.565,6.593691838327146
205361000,79413.67947351471,242009.2212925842,2314.226,5.986901711800529
205361100,79413.42125802905,242008.73968287464,2313.839,6.6958650026402715
205361200,79413.17090243906,242008.2359396778,2313.435,6.9253331953865755
205361300,79412.89816198024,242007.70965622924,2313.069,6.966081203478212
205361400,79412.62676586388,242007.08331450075,2312.68,7.856258275808284
205361500,79412.26493468335,242006.43351845723,2312.303,8.337855398847521
205361600,79411.91822568241,242005.7839255631,2311.932,8.24459471062474
205361700,79411.49530751859,242005.17778688204,2311.613,8.049456425830627
205361800,79410.87003134655,242004.4354953738,2311.139,10.800428012127083
205361900,79410.35667850818,242003.80590365827,2310.677,9.344818462910725
205362000,79410.10841367058,242003.14651442226,2310.23,8.343629266692101
205362100,79409.66460438035,242002.4066605633,2309.817,9.564523487252325
205362200,79409.27297592611,242001.72310528252,2309.477,8.579752641462179
205362300,79408.95059273097,242000.95152368024,2309.1,9.172170597875605
205362400,79408.67193374866,242000.30284599587,2308.627,8.497560187190782
205362500,79408.41610726865,241999.64335496724,2308.218,8.17054658808769
205362600,79408.11342081483,241999.09443171136,2307.657,8.411879310970996
205362700,79407.82944063321,241998.27888790984,2307.245,9.567562679079499
205362800,79407.59928600375,241997.39735241234,2306.456,12.051852060111221
205362900,79407.32212130951,241996.63750084303,2305.705,11.036743978569078
205363000,79407.08111915819,241996.00045038946,2305.016,9.687967197478798
205363100,79406.75754147996,241995.31781177968,2304.377,9.8940988186048
205363200,79406.47918095847,241994.6468995586,2303.83,9.092500284398904
205363300,79406.18614605648,241993.94243124407,2303.3,9.289536511342252
205363400,79405.8854007251,241993.24897929374,2302.729,9.472467393500459
205363500,79405.54669989296,241992.5661365185,2302.232,9.09896017122134
205363600,79405.2161575204,241991.83892485034,2301.743,9.36544775393229
205363700,79404.87671007808,241991.21167078894,2301.163,9.192355296438647
205363800,79404.47811731878,241990.48354545236,2300.613,9.957082058326163
205363900,79404.02525322215,241989.85476972163,2299.784,11.347224551204372
205364000,79403.55875971215,241989.11461383104,2299.083,11.210393923627247
205364100,79403.10753728022,241988.3635425456,2298.509,10.474087157744977
205364200,79402.64950034465,241987.5567817744,2297.924,10.966997063274443
205364300,79402.3177625946,241986.91851125285,2297.42,8.782792844100424
205364400,79401.94125494393,241986.23516046815,2296.972,8.996298575937782
205364500,79401.55629064605,241985.61841516383,2296.343,9.613177361490637
205364600,79401.15695053543,241984.94587847125,2295.745,9.845236903028942
205364700,79400.72114828113,241984.17277488858,2295.226,10.280315747016271
205364800,79400.27778478785,241983.3995698709,2294.694,10.379380085283863
205364900,79399.84984260683,241982.6043336261,2294.055,11.06222727186886
205365000,79399.46816308744,241981.7430005744,2293.496,10.954063778529882
205365100,79398.98564996665,241981.06934762,2292.789,10.892057906064966
205365200,79398.61730042647,241980.34162892494,2292.246,9.797961601369337
205365300,79398.28451687437,241979.78118278366,2291.626,8.995442094452393
205365400,79397.93810384389,241979.10935655888,2291.124,9.073404601153317
205365500,79397.52985888039,241978.53677952942,2290.198,11.627171168488516
205365600,79397.19145529313,241977.83170294296,2289.585,9.936419401571584
205365700,79396.83867589019,241977.07083509583,2288.987,10.299842450471122
205365800,79396.59632852928,241976.53384522442,2288.082,10.798454281350166
205365900,79396.29587979602,241975.8181586098,2287.508,9.653286145498749
205366000,79396.01915944558,241975.02495259326,2287.047,9.58206459424633
205366100,79395.84620525781,241974.3888157243,2286.488,8.642905356709148
205366200,79395.79408029508,241973.76542082708,2286.015,7.84223962610407
205366300,79395.55486709789,241972.99495801982,2285.534,9.391990787194546
205366400,79395.33017909394,241972.26916922722,2284.994,9.320754898252535
205366500,79395.31347265895,241971.82416793332,2283.988,11.00143384666503
205366600,79395.14793039461,241971.1992507698,2283.362,8.998549448166948
205366700,79395.11062958428,241970.5982953515,2282.741,8.649426237770912
205366800,79394.92165721983,241970.0286619207,2282.066,9.031968059195616
205366900,79394.8014817216,241969.4043536121,2281.51,8.445577438022438
205367000,79394.6735956071,241968.79106121417,2280.972,8.25752286436109
205367100,79394.65927680586,241968.16817496996,2280.391,8.518772158009494
205367200,79394.46453463187,241967.4650277719,2279.839,9.148565784370625
205367300,79394.14229703338,241966.6823299192,2279.401,9.529863054116218
205367400,79393.93497073192,241965.78997982014,2278.912,10.383938702780249
205367500,79393.72630018738,241964.9976877747,2278.478,9.271031492807504
205367600,79393.44306319399,241964.12655740418,2277.976,10.444916488464354
205367700,79393.25677773768,241963.35680585913,2277.465,9.424664998294817
205367800,79393.10814930822,241962.59868058283,2276.842,9.924123138871305
205367900,79392.93773306825,241961.77354470082,2276.257,10.256735146350142
205368000,79392.80601855024,241960.88221059926,2275.722,10.478184697193804
205368100,79392.74130959462,241960.06961398292,2275.161,9.895043796597603
205368200,79392.63685347124,241959.40103869885,2274.569,8.990542956587122
205368300,79392.38251690293,241958.6303731259,2274.062,9.568480512030836
205368400,79392.21150288946,241957.84970723558,2273.538,9.555949880417256
205368500,79392.08406490556,241957.20306354016,2272.81,9.81991989298096
205368600,79391.91941781678,241956.5114409132,2272.176,9.525386494799141
205368700,79391.74735844358,241955.80859839264,2271.638,9.016403475167742
205368800,79391.61444865902,241955.00620454364,2271.187,9.299452651273494
205368900,79391.6294785119,241954.45043057576,2270.556,8.409672096084826
205369000,79391.55616203167,241953.71555410698,2270.2,8.19797972341267
205369100,79391.43215733753,241952.81320344564,2269.738,10.21238111143134
205369200,79391.27671353097,241951.99938816018,2269.178,9.999758581899256
205369300,79391.17255555777,241951.30857738853,2268.627,8.897161156915853
205369400,79391.07685436988,241950.55116183963,2268.167,8.912610088393834
205369500,79390.9640900082,241949.93807306048,2267.577,8.582745266407919
205369600,79390.85162456974,241949.30274968036,2266.907,9.301194800528666
205369700,79390.68742438634,241948.57777293492,2266.449,8.730582096646176
205369800,79390.53924226799,241947.78629314248,2266.06,8.942128702504
205369900,79390.39772620222,241947.06162220053,2265.455,9.545242375294524
205370000,79390.35375977463,241946.39386044443,2264.729,9.873441360295844
205370100,79390.22632094474,241945.74721610453,2264.093,9.158713078018273
205370200,79390.09147002488,241945.0893522771,2263.5,8.958516351328383
205370300,79389.97278610033,241944.35386697482,2263.083,8.537133560655459
205370400,79389.83763625643,241943.71823792998,2262.547,8.423308380884853
205370500,79389.6893047977,241942.93787626456,2262.094,9.143722502113144
205370600,79389.50923589432,241942.26828585938,2261.456,9.422033552215462
205370700,79389.3519995009,241941.58788163494,2260.934,8.718267975823514
205370800,79389.24724378414,241940.9415413225,2260.385,8.54438575133036
205370900,79389.05916628145,241940.3052036278,2259.56,10.587063923239352
205371000,79388.87760597572,241939.74679326545,2258.404,12.96563067206613
205371100,79388.63540600805,241939.19868709147,2257.378,11.881526046699156
205371200,79388.45638128863,241938.45127187017,2256.951,8.791560060018803
205371300,79388.27720742475,241937.71497471258,2256.465,9.00190576134072
205371400,79388.05918201127,241937.05599278398,2256.013,8.282635613292902
205371500,79387.86443771508,241936.35284551512,2255.506,8.884297997626266
205371600,79387.63293195397,241935.57136628404,2255.125,8.996441103186246
205371700,79387.3499900246,241934.6779988464,2254.913,9.607087502087895
205371800,79387.1502215247,241933.78574838582,2254.715,9.354603039229586
205371900,79386.91115489087,241933.00416878797,2254.183,9.751608380769667
205372000,79386.73849714975,241932.34579744563,2253.571,9.152797315615016
205372100,79386.61105709073,241931.69915225264,2253.06,8.33933590659752
205372200,79386.51281730007,241931.13073762413,2252.403,8.742689279641105
205372300,79386.482927044,241930.54100130405,2251.803,8.41801808158187
205372400,79386.47646696695,241929.89598140307,2251.23,8.627620675115194
205372500,79386.33315735089,241929.3047203077,2250.829,7.286086452816009
205372600,79386.19014653577,241928.69122441858,2250.374,7.7704106593082045
205372700,79386.03067002975,241928.17758519296,2249.748,8.252823969223442
205372800,79385.89875180056,241927.86447106488,2248.863,9.479732764698175
205372900,79385.81488750318,241927.35184701718,2248.28,7.808109616058139
205373000,79385.6792887353,241926.74957075622,2247.765,8.03921884931481
205373100,79385.49150812968,241926.09099629987,2247.161,9.13086042168406
205373200,79385.31899868428,241925.4215061348,2246.715,8.22689333380729
205373300,79385.19140796471,241924.78597653657,2246.473,6.9186261052611355
205373400,79385.0845600133,241924.29528068937,2246.202,5.706137817693444
205373500,79384.92567972263,241923.73716945853,2245.788,7.127935211683814
205373600,79384.69058914264,241923.22251207847,2245.517,6.273185681098804
205373700,79384.51509322379,241922.77537390962,2245.092,6.4134282576216135
205373800,79384.30044831637,241922.42778863106,2244.383,8.18257102088691
205373900,79384.13355798466,241921.90292721242,2244.163,5.930285214927624
205374000,79383.98890406948,241921.4117245311,2243.777,6.4121765360537735
205374100,79383.7689367567,241920.89727220405,2243.255,7.651681710728499
205374200,79383.51454426245,241920.69370768126,2242.601,7.306528092814815
205374300,79383.36009001621,241920.36916882824,2242.049,6.586856296183904
205374400,79383.18354907857,241919.99985460937,2241.537,6.554986310587386
205374500,79383.00004480041,241919.58596985321,2240.838,8.327939178165735
205374600,79382.8258931578,241919.03877481725,2240.212,8.494572769845822
205374700,79382.58592930657,241918.32390078995,2239.716,9.025263301759201
205374800,79382.33467191881,241917.88686625566,2239.106,7.913219229936402
205374900,79382.15828055055,241917.50643528625,2238.486,7.484756907462443
205375000,79381.91652478522,241916.9249723591,2238.017,7.851390437402344
205375100,79381.66332630132,241916.63246669155,2237.413,7.1725992653969755
205375200,79381.4442538674,241916.0513077071,2237.037,7.2598410785868435
205375300,79381.17046173883,241915.6028508097,2236.45,7.877826698142977
205375400,79380.86552912522,241915.22069421504,2235.755,8.49714807400616
205375500,79380.59705925382,241914.93910423946,2235.003,8.466699725620597
205375600,79380.37470350442,241914.6025356818,2234.228,8.736830139904523
205375700,79380.11289903677,241914.38775292598,2233.474,8.265419935947506
205375800,79379.80766774486,241914.02783171274,2232.764,8.525107916582252
205375900,79379.52541822499,241913.6459787786,2232.205,7.334314088651417
205376000,79379.17511718355,241913.26321169734,2231.684,7.352671298365223
205376100,79378.7203023194,241912.7789649777,2231.115,8.746644067097716
205376200,79378.36318697689,241912.34050953388,2230.442,8.790063418294142
205376300,79378.02059693627,241911.94672766328,2229.763,8.564049405255997
205376400,79377.90126195119,241911.82281528786,2228.986,7.958145813319436
205376500,79377.90574348424,241911.48929238413,2228.294,7.681840590306143
205376600,79377.64826788635,241910.9520981321,2227.675,8.590561102790634
205376700,79377.43427068356,241909.99294025265,2227.358,10.325267288205433
205376800,79377.17027841693,241909.37782051135,2226.835,8.49424729277993
205376900,79376.96528385422,241908.87469034083,2226.156,8.69574354564074
205377000,79376.7643193118,241908.07138297707,2225.718,9.367094556291113
205377100,79376.54629136431,241907.41240145918,2225.275,8.233865953860827
205377200,79376.33328704385,241906.94252162427,2224.723,7.555269226540337
205377300,79376.06780175911,241906.43857836723,2224.152,8.064932196676981
205377400,79375.79122444057,241905.63425595034,2223.677,9.741348585765559
205377500,79375.62169865641,241904.7424131604,2223.34,9.682764359103942
205377600,79375.34303110217,241904.09373726044,2222.864,8.514294831393759
205377700,79375.0799338665,241903.41191155277,2222.398,8.667047300620906
205377800,79374.81046899686,241902.64104221016,2222.098,8.699090569754942
205377900,79374.46479400837,241901.91362767853,2221.834,8.47473013881554
205378000,79374.06648787689,241901.16326578893,2221.757,8.529331121138066
205378100,79373.75593281222,241900.63647776004,2221.247,7.9623456734918285
205378200,79373.48258617808,241900.15466633812,2220.934,6.362221974076586
205378300,79373.22540710671,241899.595234829,2220.611,6.95249299008947
205378400,79372.9913605007,241899.0027567707,2220.071,8.350715411115694
205378500,79372.79039469249,241898.19944887515,2219.723,8.981562127261766
205378600,79372.495557946,241897.6283913143,2219.507,6.779541047883478
205378700,79372.26404743736,241896.84691074118,2219.393,8.229182534108878
205378800,79372.10456776641,241896.33326993417,2219.03,6.4883280467947015
205378900,79371.89021907478,241895.96344869118,2218.483,6.9418575734120225
205379000,79371.64741600552,241895.45980877336,2218.105,6.74862819852151
205379100,79371.30885336224,241894.76584829483,2217.906,7.973116060042656
205379200,79371.05510558198,241893.9507083716,2218.053,8.662127934260099
205379300,79370.80608391686,241893.34690709691,2217.86,6.810033930190103
205379400,79370.61441886528,241892.97739044856,2217.319,6.825925468154821
205379500,79370.41534168598,241892.59665447567,2216.804,6.706624128957978
205379600,79370.23407432622,241892.01600505784,2216.237,8.315309753857449
205379700,79370.06867524925,241891.3799693333,2215.846,7.6466395742352695
205379800,79369.92819728075,241890.57747019175,2215.969,8.238663440121059
205379900,79369.72394615348,241890.01874895766,2215.725,6.429354483039198
205380000,79369.5012891284,241889.7044138061,2215.244,6.162142865192166
205380100,79369.33469578897,241889.157319217,2214.818,7.1308525576145545
205380200,79369.18456792619,241888.5103680445,2214.549,7.165013835202952
205380300,79369.0884138667,241887.78630399145,2214.324,7.642339037242841
205380400,79368.99031926553,241887.20676905662,2214.068,6.410649163858652
205380500,79368.80427497215,241886.98188372515,2213.416,7.143369949147613
205380600,79368.65708201713,241886.67968265712,2212.782,7.175870538162441
205380700,79368.5032229886,241886.31067355443,2212.263,6.551162505387148
205380800,79368.30578699383,241885.80764298886,2211.88,6.62316476372105
205380900,79368.13058720712,241885.3382702116,2211.447,6.6215972063638775
205381000,79367.93285239415,241884.8574744733,2211.116,6.162637239664569
205381100,79367.72889981077,241884.2765189046,2210.767,7.077047456408738
205381200,79367.56971740969,241883.74064199813,2210.539,6.036856549487465
205381300,79367.40148103729,241883.3158398699,2210.279,5.256676369362178
205381400,79367.21827172574,241882.87971791904,2209.911,5.992965486099015
205381500,79367.08918527179,241882.35536496248,2209.653,5.984368425216472
205381600,79366.95283562121,241881.80867442023,2209.507,5.8200153026648636
205381700,79366.88971091229,241881.44088155217,2209.265,4.447455419905682
205381800,79366.74371089143,241881.0497376332,2208.901,5.538756957716795
205381900,79366.61387795738,241880.58097267896,2208.648,5.4824109696076135
205382000,79366.47558813973,241880.1788120158,2208.372,5.06956030623096
205382100,79366.33834293013,241879.69882752933,2208.173,5.373843132246565
205382200,79366.22348294628,241879.2413825998,2208.004,5.009726448914367
205382300,79366.11722943086,241878.7062164992,2207.764,5.960243048611015
205382400,79365.96620459571,241878.12596969958,2207.673,6.063960855561652
205382500,79365.8652734012,241877.75766953547,2207.391,4.746928540253945
205382600,79365.80971020224,241877.38997886516,2207.063,4.958292858261198
205382700,79365.66356068157,241877.00995248836,2206.711,5.381985464843536
205382800,79365.55506873592,241876.64155201055,2206.271,5.840096538652462
205382900,79365.43961226653,241876.22857900336,2205.908,5.617983987395681
205383000,79365.31569910812,241875.88221065234,2205.474,5.689121682798218
205383100,79365.1855674567,241875.4356810879,2205.203,5.382651738337434
205383200,79365.05528620249,241875.00026850216,2205.014,4.9218366364010535
205383300,79364.88083113407,241874.4753057314,2204.853,5.760996785783336
205383400,79364.73483044363,241874.08416116517,2204.581,4.98263267378738
205383500,79364.59639102875,241873.69311809633,2204.313,4.9383863689173
205383600,79364.42830310199,241873.2571978625,2204.132,5.0100388376832425
205383700,79364.25116192407,241872.93235374894,2203.743,5.368443744057862
205383800,79364.07476640961,241872.55192027427,2203.53,4.703029230481133
205383900,79363.91453816599,241872.09386617318,2203.374,5.096897742931767
205384000,79363.78455481298,241871.6362174796,2203.307,4.804052888280159
205384100,79363.65929765665,241871.3899068525,2202.973,4.334771098632698
205384200,79363.53583124942,241871.01018403377,2202.761,4.520527033282327
205384300,79363.42007514744,241870.61944460217,2202.618,4.318548373800239
205384400,79363.32506282005,241870.3735392727,2202.388,3.498368720160154
205384500,79363.1506069589,241869.8485755762,2202.356,5.540702458041833
205384600,79363.00341185655,241869.54637183528,2202.093,4.267835210909392
205384700,79362.8861635753,241869.2668096032,2201.802,4.202008770754839
205384800,79362.75453863574,241868.9314556038,2201.603,4.115425463602761
205384900,79362.64470234586,241868.66311243176,2201.321,4.044538468705188
205385000,79362.56630515275,241868.30623389967,2201.117,4.184534019195093
205385100,79362.54451840559,241868.23922695965,2200.691,4.317872764046359
205385200,79362.48034835527,241867.9492573375,2200.456,3.786971561407906
205385300,79362.38563470029,241867.68111727014,2200.166,4.061493762071828
205385400,79362.43264589611,241867.55943547003,2199.806,3.8290225651439274
205385500,79362.40523793775,241867.34779743943,2199.472,3.9634762351526747
205385600,79362.34728611192,241867.1579884272,2199.153,3.756876990859097
205385700,79362.18481896864,241866.86669923272,2198.896,4.210411027492993
205385800,79362.06757047014,241866.5871367734,2198.637,3.98708885413946
205385900,79361.98071627946,241866.29686232843,2198.438,3.624766680149095
205386000,79361.83247635992,241866.07248224877,2198.124,4.134075158614376
205386100,79361.72308756088,241865.77078587003,2197.896,3.936421960529359
205386200,79361.63474113191,241865.59168836754,2197.581,3.72961202582058
205386300,79361.54684239258,241865.379237853,2197.292,3.692890166217006
205386400,79361.55530059795,241865.31263636425,2196.948,3.5048948730468443
205386500,79361.54316377378,241865.09008229338,2196.807,2.6372504663664116
205386600,79361.41153855836,241864.754728131,2196.634,3.9961890016351362
205386700,79361.37627018262,241864.56522276066,2196.436,2.7632329312701707
205386800,79361.22877592809,241864.28525348753,2196.277,3.5412068218557393
205386900,79361.18430480339,241864.21794123575,2195.951,3.3583311261620126
205387000,79361.05934528595,241863.9493942242,2195.779,3.424936247644554
205387100,79361.01606795711,241863.79314051662,2195.534,2.937845557399377
205387200,79360.97338780698,241863.5924166441,2195.255,3.463330102205749
205387300,79360.9158831966,241863.36925384868,2195.065,2.9866399808263338
205387400,79360.81937824229,241863.23452509008,2194.773,3.3574514716901827
205387500,79360.77624987772,241863.0671531977,2194.604,2.4172267733511847
205387600,79360.68108753115,241862.83236448,2194.51,2.701979008270765
205387700,79360.62298569661,241862.6536717983,2194.361,2.397964691273762
205387800,79360.54961208145,241862.48589396384,2194.176,2.602937244289179
205387900,79360.46111604935,241862.31791357417,2193.928,3.123257337276444
205388000,79360.45489895917,241862.21775538288,2193.696,2.527706816395833
205388100,79360.40555254002,241861.9502233863,2193.545,3.1112336257696938
205388200,79360.32506544454,241861.74899137858,2193.34,2.9831212222820924
205388300,79360.26562049551,241861.67035768088,2193.121,2.4015936009685563
205388400,79360.19194844364,241861.52481528372,2192.907,2.6907629509285846
205388500,79360.11917156763,241861.31256646477,2192.796,2.5031747055984974
205388600,79360.00814022384,241861.13316279463,2192.697,2.3303849773261227
205388700,79359.96486222112,241860.97690783627,2192.617,1.807881771536422
205388800,79359.83811145076,241860.84177213255,2192.443,2.5416012924525733
205388900,79359.73434286065,241860.68470512703,2192.353,2.08642729871147
205389000,79359.66052115614,241860.55027960055,2192.236,1.9288591769144414
205389100,79359.58640104011,241860.438089516,2192.089,1.9921456601512335
205389200,79359.51287791289,241860.28142890986,2191.955,2.1885916647470967
205389300,79359.43860876469,241860.18035690393,2191.746,2.4374163687028867
205389400,79359.34906744477,241860.0901989648,2191.604,1.905446819094369
205389500,79359.34299942163,241859.9789228225,2191.417,2.17684345971131
205389600,79359.26087021483,241859.89998410456,2191.262,1.9235199005718149
205389700,79359.12700547368,241859.73139331397,2191.189,2.272954377463311
205389800,79359.0908412581,241859.6085932441,2191.037,1.9871902784644702
205389900,79359.00294147793,241859.39614104852,2190.974,2.383744453105799
205390000,79358.93653188476,241859.27293480188,2190.837,1.9584649826156568
205390100,79358.83913078674,241859.2049107505,2190.671,2.041266165608608
205390200,79358.78754524566,241859.10414257925,2190.556,1.6136370135898839
205390300,79358.74322219775,241859.02571049053,2190.525,0.9526656874321707
205390400,79358.6759173866,241858.96921057906,2190.297,2.443459825783939
205390500,79358.63219143094,241858.84630819317,2190.25,1.386475290643271
205390600,79358.56548316692,241858.7453368809,2190.15,1.5698002837736078
205390700,79358.53628299233,241858.66710826755,2190.061,1.220339742375373
205390800,79358.51598676186,241858.48892128747,2190.16,2.0483632192819328
205390900,79358.4864883817,241858.43292851653,2189.988,1.8327252436023815
205391000,79358.41177118313,241858.365208867,2189.841,1.7825781737453883
205391100,79358.36093182288,241858.20885248482,2189.751,1.8742356491403593
205391200,79358.31735531622,241858.07483290974,2189.65,1.7337245333526352
205391300,79358.286812127,241858.0966633791,2189.478,1.7604872768861546
205391400,79358.26368102203,241858.12971298676,2189.303,1.7958833464339647
205391500,79358.21801511174,241858.1513403058,2189.147,1.639773842773408
205391600,79358.20363924872,241858.09555028193,2189.012,1.4677793305633882
205391700,79358.1814034337,241858.06189374346,2188.905,1.1435020707348398
205391800,79358.13514048909,241858.12799147423,2188.75,1.747366005827958
205391900,79358.11942141675,241858.17226012144,2188.586,1.7059406257849474
205392000,79358.09658864696,241858.1830741549,2188.459,1.294880133910542
205392100,79358.08887856088,241858.19409126323,2188.326,1.3367787557924742
205392200,79358.08101916077,241858.2162258597,2188.208,1.2031451914178675
205392300,79358.04440648052,241858.12677727453,2188.231,0.9934223149958077
205392400,79358.01311694544,241858.20419564843,2188.075,1.7693866488732646
205392500,79358.01237118732,241858.2597847432,2187.935,1.5063225353029346
205392600,79358.00361623627,241858.34862495866,2187.819,1.4636859445764465
205392700,79357.98744922342,241858.42624607868,2187.7,1.4299033035025068
205392800,79357.99426470864,241858.48193650972,2187.583,1.297545652632234
205392900,79358.0009309364,241858.54874454625,2187.466,1.3489210685224315
205393000,79357.98580847232,241858.54854191933,2187.414,0.5415427592826947
205393100,79357.9702382973,241858.58169222623,2187.346,0.7723414349421701
205393200,79357.96208020218,241858.62606166862,2187.276,0.8327556564699565
205393300,79357.96178190636,241858.64829732385,2187.218,0.6211611838592567
205393400,79357.93168608943,241858.63677415904,2187.153,0.7254891752224611
205393500,79357.90870366075,241858.65870498307,2187.133,0.37536046146058316
205393600,79357.90810703952,241858.70317622647,2187.025,1.167974678509903
205393700,79357.88527384217,241858.71398939472,2187.012,0.2841030878458346
205393800,79357.87000213296,241858.72490439191,2186.957,0.5811444418212717
205393900,79357.84701988597,241858.74683558196,2186.889,0.7505301281400545
205394000,79357.83930953707,241858.75785215572,2186.826,0.6441874276575397
205394100,79357.82359024559,241858.80212035216,2186.721,1.1502753653284608
205394200,79357.7923005322,241858.8795383554,2186.614,1.3572137256555985
205394300,79357.77643201829,241858.93492422532,2186.5,1.2772925098175056
205394400,79357.74648537235,241858.9122832818,2186.458,0.5633076013185151
205394500,79357.7464854742,241858.91228348762,2186.431,0.27000000000043656
205394600,79357.73106466382,241858.9343164051,2186.335,0.9969502365271985
205394700,79357.70096874995,241858.92279304564,2186.296,0.5058997357049508
205394800,79357.68569707907,241858.93370812293,2186.231,0.6765566230597306
205394900,79357.67102218654,241858.90015227068,2186.232,0.36634860134624236
205395000,79357.65560131613,241858.92218506616,2186.152,0.8439844641200559
205395100,79357.62475923533,241858.96624997072,2186.082,0.8827451984929701
205395200,79357.6315745344,241859.0219400227,2186.015,0.8738562400685508
205395300,79357.61645203426,241859.02173731755,2185.973,0.4463950708976846
205395400,79357.60829386325,241859.0661066007,2185.924,0.6660195139100477
205395500,79357.60814476118,241859.07722451817,2185.883,0.42480619360423033
205395600,79357.60814494592,241859.07722489163,2185.834,0.4899999999997817
205395700,79357.58546112769,241859.07692069747,2185.789,0.5039387453662642
205395800,79357.57804924382,241859.06570196152,2185.739,0.5177619549132763
205395900,79357.57819847044,241859.0545842927,2185.747,0.13696826373740353
205396000,79357.57078658228,241859.04336555023,2185.698,0.5081116424262294
205396100,79357.54083995114,241859.02072463837,2185.652,0.5937301165662565
205396200,79357.52571741304,241859.0205218587,2185.62,0.35393298819955316
205396300,79357.51074417663,241859.00920156296,2185.576,0.47836059896074246
205396400,79357.51044583744,241859.031437126,2185.53,0.5109219293866996
205396500,79357.5104459581,241859.03143737093,2185.498,0.32000000000152795
205396600,79357.50288480995,241859.03133622464,2185.45,0.485918861158629
205396700,79357.51029704508,241859.0425556684,2185.407,0.4505301767683311
205396800,79357.47990265988,241859.05326760374,2185.357,0.5948399275794465
205396900,79357.47990290524,241859.05326810107,2185.292,0.6500000000005457
205397000,79357.47234166654,241859.05316677038,2185.268,0.25162897255696054
205397100,79357.47975390154,241859.06438621692,2185.225,0.4505301822333183
205397200,79357.46433295682,241859.0864188634,2185.165,0.6575026823175256
205397300,79357.44921052078,241859.08621628582,2185.106,0.609071883873755
205397400,79357.4564735185,241859.10855337325,2185.058,0.5343765950973527
205397500,79357.44861395546,241859.13068763725,2184.984,0.7763751389583707
205397600,79357.44831560926,241859.15292318445,2184.94,0.49299210738203036
205397700,79357.44090375521,241859.14170450997,2184.882,0.5953800840800386
205397800,79357.41807055626,241859.15251766704,2184.87,0.27966866639190574
205397900,79357.4253335544,241859.17485475726,2184.822,0.5343766024584744
205398000,79357.43259663483,241859.19719201513,2184.752,0.7383483963719113
205398100,79357.43229833347,241859.2194276536,2184.696,0.6025290118085945
205398200,79357.43185088543,241859.25278111827,2184.611,0.913095135362836
205398300,79357.40901775118,241859.26359440666,2184.582,0.38459662755694707
205398400,79357.40871950284,241859.28583015036,2184.512,0.7344666160431067
205398500,79357.4084211221,241859.3080656277,2184.477,0.4146579491585569
205398600,79357.40812282132,241859.33030126523,2184.421,0.6025290131256458
205398700,79357.43792060623,241859.3640606124,2184.358,0.7743493813093583
205398800,79357.43732373165,241859.40853133984,2184.318,0.5981344825516626
205398900,79357.42976259532,241859.40843021683,2184.267,0.5155745725251827
205399000,79357.4217537392,241859.44168200716,2184.203,0.7256444535308322
205399100,79357.41389406771,241859.4638160495,2184.158,0.5076005843899806
205399200,79357.43613046226,241859.4974737605,2184.111,0.6193520684691325
205399300,79357.42797240643,241859.54184327275,2184.032,0.9097153378527084
205399400,79357.41996361098,241859.575095186,2183.952,0.8700344131339622
205399500,79357.45762133003,241859.58672102727,2183.864,0.9642037115383427
205399600,79357.44190185105,241859.63098883536,2183.81,0.7157048362993655
205399700,79357.4037967635,241859.65271662083,2183.792,0.47409884431617016
205399800,79357.42588413125,241859.69749240298,2183.684,1.189797930417624
205399900,79357.43314720762,241859.7198296506,2183.615,0.7288747148449285
205400000,79357.4252876005,241859.7419638224,2183.553,0.6629919729732235
205400100,79357.44752405096,241859.77562164702,2183.491,0.7396600459727045
205400200,79357.43210313062,241859.79765434004,2183.425,0.7126778911512635
205400300,79357.4165329391,241859.83080460317,2183.363,0.7200772805148649
205400400,79357.4162346868,241859.85304034036,2183.294,0.7249422137401629
205400500,79357.41563795603,241859.89751135744,2183.216,0.8978668312917334
205400600,79357.41533961678,241859.9197469186,2183.17,0.5109219309698285
205400700,79357.40777843182,241859.91964569502,2183.132,0.38744953224107986
205400800,79357.39220821775,241859.9527959153,2183.076,0.6691123172555304
205400900,79357.3844978599,241859.96381246485,2183.016,0.6148800213033649
205401000,79357.38405032901,241859.9971657619,2182.953,0.7128413100964514
205401100,79357.39872538997,241860.03072195314,2182.907,0.5879721853519739
205401200,79357.38330440622,241860.05275451392,2182.858,0.5589362856586171
205401300,79357.37559398821,241860.06377094053,2182.814,0.4600841689910366
205401400,79357.36032220775,241860.0746857887,2182.779,0.3971509367735273
205401500,79357.32992782045,241860.0853977101,2182.731,0.5781302111338655
205401600,79357.34430442947,241860.14118923713,2182.669,0.846330987440266
205401700,79357.35897952443,241860.17474549543,2182.614,0.6607656852210748
205401800,79357.32858517933,241860.1854575025,2182.555,0.6722607674555006
205401900,79357.29077849821,241860.18494985718,2182.566,0.393736584274672
205402000,79357.29048018956,241860.2071854798,2182.512,0.5839873440296639
205402100,79357.28988344487,241860.25165646523,2182.438,0.8633451511141103
205402200,79357.28217295924,241860.26267275866,2182.412,0.29270709548184914
205402300,79357.25933983247,241860.27348605357,2182.382,0.3921919965932557
205402400,79357.25118176773,241860.31785554253,2182.306,0.8837884341237064
205402500,79357.23590994312,241860.3287702985,2182.283,0.29686505799214186
205402600,79357.2203397764,241860.36192060914,2182.215,0.7723414353340342
205402700,79357.19750663916,241860.37273388263,2182.188,0.36974932297096497
205402800,79357.19735752283,241860.38385177124,2182.151,0.3863422096137003
205402900,79357.19691006074,241860.4172052052,2182.07,0.8759810133655478
205403000,79357.1663664009,241860.43903469387,2182.027,0.5708024647617163
205403100,79357.158655976,241860.4500511093,2181.985,0.4409959665978713
205403200,79357.15049782523,241860.4944204241,2181.932,0.6959755671354118
205403300,79357.12781400864,241860.49411622342,2181.888,0.4950295537478903
205403400,79357.11239300059,241860.51614872832,2181.846,0.4987081051948705
205403500,79357.0974197037,241860.50482830405,2181.819,0.32882953372989376
205403600,79357.09697208356,241860.53818141762,2181.78,0.5131692960010736
205403700,79357.08140195176,241860.57133179717,2181.703,0.852649573949896
205403800,79357.05886743273,241860.55991007574,2181.648,0.6052392602859892
205403900,79357.04344650447,241860.58194274548,2181.585,0.6849888887705416
205404000,79357.02772707227,241860.6262106346,2181.52,0.8019559879656483
205404100,79357.01290296287,241860.6037724698,2181.511,0.2835661850377666
205404200,79356.99036824775,241860.59235035256,2181.508,0.25439055935172444
205404300,79356.96723674795,241860.62539913598,2181.442,0.7734965969289128
205404400,79356.95937712867,241860.64753327612,2181.384,0.6257462420298555
205404500,79356.92883341455,241860.66936265398,2181.356,0.4683112661108651
205404600,79356.91356165159,241860.68027753476,2181.317,0.43281504712938684
205404700,79356.90585114065,241860.69129377138,2181.298,0.23276048030440982
205404800,79356.90585129162,241860.69129407685,2181.258,0.3999999999996362
205404900,79356.87515842792,241860.72424127162,2181.202,0.7185519953471983
205405000,79356.8526237657,241860.7128192624,2181.185,0.30449065869626407
205405100,79356.8370536739,241860.74596971925,2181.098,0.9439339478529615
205405200,79356.84416737869,241860.7794243358,2181.06,0.5112336687676534
205405300,79356.82148357057,241860.77912015188,2181.014,0.5128881551492179
205405400,79356.79850118475,241860.80105104018,2180.986,0.42343296575958583
205405500,79356.79093994042,241860.80094969645,2180.964,0.23263090901751224
205405600,79356.76810684758,241860.81176305749,2180.926,0.45630533838850945
205405700,79356.74542299451,241860.81145878136,2180.892,0.40872271662515586
205405800,79356.72199298338,241860.86674277112,2180.827,0.8848513252510124
205405900,79356.70657207193,241860.88877546787,2180.76,0.7219485868399481
205406000,79356.69901078666,241860.88867403846,2180.749,0.1334808594201481
205406100,79356.67617770919,241860.89948743116,2180.707,0.4901168878606081
205406200,79356.65349383748,241860.89918311872,2180.678,0.36817694074192625
205406300,79356.63777434155,241860.94345087465,2180.631,0.6644798059954519
205406400,79356.62295031427,241860.9210128775,2180.6,0.41037759861684203
205406500,79356.62250264396,241860.95436588489,2180.575,0.4168245920849113
205406600,79356.59240668174,241860.94284241647,2180.551,0.4017891797544026
205406700,79356.56171373854,241860.97578944732,2180.517,0.5641958565266334
205406800,79356.56216156679,241860.94243675843,2180.5,0.37435641629106564
205406900,79356.53176711731,241860.9531485485,2180.47,0.44026644769885837
205407000,79356.50878472545,241860.97507942095,2180.444,0.4104819893414505
205407100,79356.48625001062,241860.96365730464,2180.441,0.2543905655482247
205407200,79356.46341686629,241860.9744705623,2180.417,0.3484459218427538
205407300,79356.44043454963,241860.99640158936,2180.371,0.5590129523246533
205407400,79356.41804909345,241860.973861875,2180.367,0.3201491521930465
205407500,79356.40262803645,241860.99589427747,2180.339,0.38821357640392445
205407600,79356.37223369359,241861.00660627894,2180.281,0.6635017229238694
205407700,79356.34954977699,241861.00630187523,2180.264,0.28346826821398025
205407800,79356.30433104791,241860.9945751587,2180.27,0.4709324097570918
205407900,79356.25155102511,241860.98274699878,2180.267,0.5416642514132517
205408000,79356.22841946705,241861.0157956574,2180.218,0.6346629005278834
205408100,79356.20603407755,241860.9932560809,2180.196,0.38638772493117274
205408200,79356.17549039428,241861.01508551557,2180.161,0.5132401513853788
205408300,79356.15265731083,241861.02589889243,2180.121,0.4730904366344537
205408400,79356.1376839033,241861.01457825024,2180.123,0.18875609097225193
205408500,79356.10758791804,241861.00305473618,2180.105,0.36909964417185526
205408600,79356.09201764247,241861.03620481305,2180.068,0.5205874501221466
205408700,79356.07659656057,241861.05823716428,2180.047,0.34118877777772033
205408800,79356.06177237663,241861.0357988542,2180.057,0.2868968157591224
205408900,79356.03152721668,241861.03539310675,2180.018,0.4935324075354749
205409000,79356.02366751069,241861.05752706714,2179.984,0.41322918918294865
205409100,79356.00053604116,241861.09057590272,2179.912,0.8252859993989132
205409200,79355.96272946015,241861.0900684558,2179.898,0.40314823303013936
205409300,79355.94760681821,241861.08986545727,2179.895,0.15417055402622293
205409400,79355.91736152621,241861.0894594444,2179.891,0.3050807061899266
205409500,79355.90179128975,241861.12260960042,2179.844,0.5958282456859572
205409600,79355.88666878344,241861.12240687571,2179.805,0.4182924327835181
205409700,79355.89423014417,241861.12250845507,2179.796,0.11754633057043784
205409800,79355.87109859628,241861.1555571286,2179.745,0.6502284125583964
205409900,79355.87109862638,241861.15555718914,2179.737,0.07999999999810825
205410000,79355.85582692329,241861.16647218633,2179.683,0.5716894806298128
205410100,79355.85537931819,241861.19982531387,2179.642,0.528528834408606
205410200,79355.8555284052,241861.1887073731,2179.686,0.45382849334514935
205410300,79355.83284449708,241861.18840298709,2179.667,0.29589569056525045
205410400,79355.83239693688,241861.22175620683,2179.614,0.6262130040677295
205410500,79355.83951067702,241861.25521088392,2179.568,0.5732014210028795
205410600,79355.7944411565,241861.23236647528,2179.586,0.5363378097530329
205410700,79355.80170419527,241861.2547036372,2179.528,0.6257462334269832
205410800,79355.80095837021,241861.3102925578,2179.411,1.2953407247306503
205410900,79355.77812512645,241861.32110560779,2179.414,0.2543905729344354
205411000,79355.77827436484,241861.30998797342,2179.418,0.11815373253934248
205411100,79355.77086223835,241861.2987687504,2179.432,0.19410678037565998
205411200,79355.76270406928,241861.34313800465,2179.387,0.6371671698964482
205411300,79355.75529198052,241861.33191885706,2179.391,0.1402763241053513
205411400,79355.74031841102,241861.32059788704,2179.436,0.48757446762489565
205411500,79355.73275713016,241861.32049646974,2179.424,0.14183490343009117
205411600,79355.74743219704,241861.3540526582,2179.378,0.5879721854804145
205411700,79355.72459895305,241861.36486571003,2179.381,0.2543905698472295
205411800,79355.70932711536,241861.37578043155,2179.363,0.2600554976994607
205411900,79355.71688852471,241861.37588210963,2179.341,0.23263090858088398
205412000,79355.70191500409,241861.36456123833,2179.373,0.3709836404457774
205412100,79355.70087050412,241861.44238502719,2179.301,1.060214542974242
205412200,79355.68664312115,241861.3754758695,2179.367,0.950494344130213
205412300,79355.69390594903,241861.3978126077,2179.365,0.23570819828522735
205412400,79355.68559868152,241861.45329977944,2179.279,1.0268031617756603
