Time,East,North,z,v
4037630294,79407.55895562346,242003.2123242952,2312.319,0.1503362896974646
4037732817,79407.56621817006,242003.23466132488,2312.288,0.12015822901491183
4037831917,79407.55094645437,242003.24557563756,2312.306,0.10121758740456127
4037933278,79407.55835825337,242003.25679484662,2312.303,0.06004997918400972
4038032387,79407.55820896362,242003.26791259367,2312.285,0.052649786324352736
4038133722,79407.58059386427,242003.2904529106,2312.237,0.06824954212300623
4038232842,79407.58044456308,242003.3015706325,2312.222,0.06998571282769077
4038333783,79407.58815503596,242003.2905545421,2312.23,0.08203048213926334
4038432908,79407.56517275712,242003.3124847617,2312.264,0.048363209157374985
4038534024,79407.5650233806,242003.32360233273,2312.269,0.06475337829024831
4038631287,79407.56487403791,242003.33471996896,2312.265,0.07947326594522211
4038734045,79407.51209509786,242003.32289073803,2312.34,0.08252878285786117
4038831352,79407.51194566106,242003.33400818426,2312.361,0.08383913167489272
4038930898,79407.50408570653,242003.3561416287,2312.386,0.09583840566286565
4039031829,79407.48125286923,242003.36695441045,2312.398,0.12193030796319676
4039133130,79407.48110340214,242003.37807179615,2312.427,0.12126417442921879
4039231604,79407.45827059857,242003.38888464402,2312.43,0.1377715500384604
4039332992,79407.46568231432,242003.40010368451,2312.449,0.10323759005323595
4039432133,79407.4959267653,242003.4005097393,2312.483,0.06195159400693416
4039533053,79407.52617128851,242003.40091594215,2312.498,0.07763375554486592
4039632145,79407.56397704686,242003.40142390504,2312.489,0.11819898476721365
4039733848,79407.57909940409,242003.40162720066,2312.471,0.1313620949893842
4039832907,79407.57939782145,242003.37939138338,2312.55,0.13357020625873123
4039933795,79407.61690476992,242003.40213436913,2312.566,0.1456124994634733
4040032222,79407.64685082597,242003.42477629054,2312.515,0.14676511847165866
4040132014,79407.66908652711,242003.45843453798,2312.425,0.14589722409970657
4040230685,79407.72927717322,242003.48148279637,2312.371,0.22496666419716502
4040333041,79407.73698756286,242003.4704665402,2312.401,0.18513238506539043
4040433587,79407.75937227358,242003.49300647806,2312.403,0.16051479682571324
4040531359,79407.73639008931,242003.51493688673,2312.412,0.08728688332160796
4040631828,79407.71355716883,242003.52574949618,2312.446,0.08925245094673871
4040731668,79407.69102276396,242003.5143264886,2312.533,0.08523496934944014
4040832140,79407.6914704983,242003.48097298015,2312.623,0.041
4040931255,79407.7062941704,242003.50341154914,2312.597,0.042591078878093706
4041031724,79407.74395051316,242003.51503701042,2312.603,0.08368392916205597
4041132201,79407.76648471363,242003.52645960636,2312.57,0.08333066662399864
4041232677,79407.7737472937,242003.5487967059,2312.53,0.08875809822207774
4041331826,79407.75847562678,242003.55971111543,2312.535,0.04925444142409901
4041432322,79407.7655888034,242003.59316573292,2312.507,0.08229216244576394
4041530340,79407.79613192446,242003.57133648265,2312.553,0.08542833253669417
4041632642,79407.79568406891,242003.60468974803,2312.495,0.082
4041733663,79407.8032453117,242003.60479152575,2312.469,0.06862215385719105
4041832353,79407.8105077138,242003.62712826766,2312.476,0.07303423854604085
4041932815,79407.83319109472,242003.6274328977,2312.49,0.07612489737267301
4042031446,79407.8331910227,242003.6274327524,2312.509,0.06371028174478591
4042132545,79407.8180686054,242003.6272293348,2312.543,0.04855924216871593
4042230539,79407.81050748352,242003.62712780293,2312.537,0.05429548784199291
4042334659,79407.83289232904,242003.64966801368,2312.503,0.061781874364573955
4042431457,79407.84801461424,242003.64987116307,2312.504,0.0671863081289633
4042532803,79407.84816378001,242003.63875316735,2312.555,0.0656505902486794
4042631429,79407.85542637049,242003.6610902883,2312.512,0.07150524456289901
4042733774,79407.83274282755,242003.6607853314,2312.541,0.05375872022286244
4042830596,79407.84060252206,242003.63865135796,2312.585,0.04876474136094643
4042934712,79407.83319053212,242003.6274317596,2312.639,0.059413803110051795
4043032498,79407.85602332394,242003.61661889032,2312.639,0.06524568951279464
4043132959,79407.85587393958,242003.62773644552,2312.646,0.05743692192309752
4043231596,79407.84846201325,242003.61651697475,2312.683,0.03921734310225516
4043333893,79407.87870659566,242003.61692330055,2312.682,0.0927523584605804
4043432667,79407.86358433694,242003.6167202033,2312.674,0.05303772242470447
4043533126,79407.84831269305,242003.62763466034,2312.673,0.06931810730249348
4043631802,79407.87099605128,242003.6279392438,2312.693,0.035860842154082216
4043733456,79407.88611837094,242003.62814246584,2312.685,0.034263683398023624
4043832292,79407.886267646,242003.61702469084,2312.707,0.033763886032268264
4043934610,79407.90109135806,242003.63946334552,2312.67,0.05189412298131649
4044033258,79407.92392402963,242003.62865023222,2312.702,0.04402272140611028
4044131895,79407.94645815759,242003.64007268474,2312.688,0.05000999900019995
4044232627,79407.96143120904,242003.65139369573,2312.656,0.05342284155677233
4044334928,79407.98426397481,242003.64058077242,2312.663,0.06483054835492293
4044433593,79408.01465785116,242003.62986936048,2312.679,0.10178899744078433
4044533484,79408.01480701742,242003.61875136662,2312.73,0.05659505278732409
4044632477,79408.01450829627,242003.64098657295,2312.731,0.05805170109479997
4044734781,79408.02221884867,242003.6299706446,2312.718,0.03781534080237808
4044833409,79408.02992929514,242003.61895450018,2312.733,0.037603191353926334
4044935725,79408.04490226704,242003.630275351,2312.722,0.03860051813123757
4045032913,79408.08255870691,242003.64190101065,2312.702,0.06252199612936235
4045135205,79408.10494363433,242003.66444139183,2312.646,0.08748714191239762
4045233199,79408.15046002658,242003.65393359866,2312.602,0.13837268516582313
4045335505,79408.15817045081,242003.6429174086,2312.623,0.10584894897919393
4045432802,79408.173441929,242003.6320026191,2312.668,0.0948314293892062
4045533259,79408.17329259265,242003.64312027115,2312.662,0.061131006862311696
4045633730,79408.19612533624,242003.63230730314,2312.675,0.06362389488234747
4045734207,79408.2038357603,242003.62129111495,2312.696,0.042825226210727714
4045833341,79408.20353712566,242003.64352649823,2312.674,0.0525071423713003
4045933811,79408.21895785692,242003.6214938853,2312.747,0.052287665849605494
4046033675,79408.2495011041,242003.59966488928,2312.76,0.08691375035056306
4046132302,79408.28715761186,242003.61129068676,2312.722,0.11146748404803977
4046233344,79408.28730700497,242003.60017314926,2312.713,0.07874642849044013
4046333857,79408.29516676177,242003.57803929877,2312.741,0.08388682852510279
4046432512,79408.33282323899,242003.58966503572,2312.711,0.12980369794424193
4046534363,79408.3104383085,242003.5671246471,2312.768,0.05600892785976179
4046631736,79408.31799937019,242003.56722605694,2312.79,0.05397221507405454
4046729722,79408.3107366906,242003.54488875065,2312.857,0.047801673610868484
4046833855,79408.32600821453,242003.5339740524,2312.89,0.04301162633521314
4046934340,79408.34098111489,242003.54529476073,2312.898,0.038405728739343045
4047033604,79408.34884073993,242003.52316064294,2312.961,0.05240229002629561
4047134085,79408.34884068315,242003.52316052746,2312.976,0.03349626844888845
4047232764,79408.34157810583,242003.50082342792,2313.016,0.015524174696260024
4047335075,79408.35670029695,242003.50102639012,2313.042,0.027513632984395207
4047432874,79408.35684959232,242003.48990865238,2313.059,0.024515301344262524
4047534568,79408.3264554804,242003.50061958935,2313.105,0.11454693361238441
4047631365,79408.34172702332,242003.48970492743,2313.133,0.07339618518697004
4047735511,79408.3343150414,242003.47848534118,2313.185,0.06248999919987198
4047834175,79408.34202536795,242003.46746895649,2313.232,0.07069653456853454
4047934773,79408.34217468553,242003.4563512653,2313.243,0.07841555968046138
4048031601,79408.3343149016,242003.47848505992,2313.222,0.12950289572052048
4048133943,79408.34958635033,242003.46757020894,2313.275,0.06895650803223725
4048233803,79408.36485788228,242003.4566555228,2313.306,0.07234638899074369
4048334377,79408.39510252172,242003.45706196595,2313.29,0.06392182725798755
4048433019,79408.43275900357,242003.46868771035,2313.259,0.02596150997149434
4048535343,79408.425346928,242003.45746793598,2313.336,0.04115823125451336
4048634021,79408.43290800045,242003.45756937005,2313.355,0.03278719262151
4048734597,79408.49339712904,242003.45838195086,2313.363,0.11009541316512692
4048833239,79408.50881783153,242003.43634927925,2313.444,0.10955363982999379
4048933702,79408.52423866703,242003.41431687213,2313.49,0.11568059474259286
4049033616,79408.53936080572,242003.41451972816,2313.53,0.09089004345911603
4049134191,79408.54692194294,242003.4146212926,2313.532,0.062136945531623945
4049234687,79408.55463216816,242003.4036046993,2313.606,0.06552098900352467
4049333354,79408.57731541031,242003.40390905086,2313.657,0.08424369412602939
4049433853,79408.60741064111,242003.41543300264,2313.654,0.08534635317340747
4049534485,79408.61482242293,242003.42665218376,2313.655,0.04459820624195552
4049633119,79408.63039260631,242003.39350214787,2313.704,0.08337865434270332
4049734793,79408.6453653856,242003.40482261032,2313.744,0.05166236541235796
4049833433,79408.6603383797,242003.41614350956,2313.727,0.03580502757993632
4049935948,79408.6905828766,242003.41654966213,2313.749,0.05112729212465687
4050034598,79408.68317097797,242003.40533024725,2313.779,0.07095068710026704
4050133241,79408.72112593734,242003.394720288,2313.812,0.06824954212300621
4050233719,79408.71356464944,242003.394618419,2313.85,0.04047221268969613
4050334412,79408.74380923642,242003.39502475504,2313.848,0.04091454509095757
4050433070,79408.74380912712,242003.39502453431,2313.877,0.047391982444291145
4050532932,79408.76634315285,242003.4064467838,2313.89,0.04315089802078284
4050631590,79408.79658770985,242003.4068530593,2313.896,0.03196873472629156
4050734126,79408.81170993154,242003.40705608297,2313.914,0.028653097563788803
4050834650,79408.80414869972,242003.4069543276,2313.937,0.04980963762164908
4050935134,79408.80399930937,242003.41807187442,2313.945,0.0743706931526122
4051033768,79408.82683197208,242003.40725874063,2313.98,0.034496376621320685
4051136379,79408.83454216759,242003.3962420877,2314.062,0.06178996682310162
4051236265,79408.83454213002,242003.3962420132,2314.072,0.06376519426771943
4051334910,79408.83484073309,242003.374006561,2314.103,0.0656048778674269
4051435446,79408.86478672439,242003.39664836694,2314.068,0.038379682124790974
4051536254,79408.88020762509,242003.37461609207,2314.097,0.019519221295943138
4051634899,79408.88035692874,242003.36349836737,2314.112,0.06335613624582863
4051735432,79408.88806736204,242003.35248219687,2314.131,0.05330103188494571
4051834076,79408.91060151214,242003.36390469782,2314.111,0.01714642819948225
4051934914,79408.92587304537,242003.35299001634,2314.142,0.03921734310225515
4052034789,79408.94099536895,242003.35319324583,2314.133,0.01593737745050923
4052137102,79408.94114462762,242003.3420754345,2314.16,0.043462627624201465
4052233904,79408.98636215582,242003.3538025627,2314.155,0.03171750305430741
4052336618,79408.99422191929,242003.33166871965,2314.182,0.021725560982400433
4052435293,79408.95641614917,242003.3311607251,2314.194,0.10249878048055011
4052535800,79408.97138899213,242003.34248132072,2314.217,0.08933644273195569
4052634485,79408.97168751262,242003.32024569996,2314.27,0.0809814793641114
4052735371,79408.93403100835,242003.3086199062,2314.307,0.14143196244130957
4052835247,79408.97168747515,242003.3202456236,2314.28,0.07203471385380802
4052935721,79408.99452013068,242003.3094324749,2314.317,0.04042276586281547
4053034351,79409.01720359222,242003.30973727256,2314.31,0.035972211497209895
4053135241,79409.03247523503,242003.29882280994,2314.312,0.02782085548648711
4053232525,79409.06271978872,242003.2992290808,2314.319,0.05236410984634419
4053335303,79409.07043019214,242003.2882128479,2314.346,0.06857113095173507
4053432564,79409.08555229721,242003.28841563594,2314.395,0.09108786966440702
4053535175,79409.08570163904,242003.27729798947,2314.4,0.04016217125604641
4053634290,79409.05575547797,242003.2546558408,2314.48,0.037013511046643494
4053735238,79409.07843886786,242003.25496049225,2314.492,0.048928519290900266
4053834348,79409.10142089201,242003.23302975297,2314.527,0.06507687761409578
4053935758,79409.09385973556,242003.2329281466,2314.53,0.03207802986469088
4054033036,79409.11639378402,242003.24435044453,2314.537,0.050941142507800116
4054135815,79409.1239550272,242003.2444522241,2314.511,0.0402119385257662
4054233079,79409.14693714578,242003.2225216776,2314.521,0.07874642849044013
4054337604,79409.18459362026,242003.23414741084,2314.492,0.07708436936240706
4054434942,79409.19245325669,242003.21201331075,2314.553,0.0904267659490264
4054534080,79409.18533993687,242003.17855838872,2314.621,0.05948949487094339
4054635044,79409.1700682592,242003.1894727787,2314.628,0.0563382640840131
4054734685,79409.14768328119,242003.16693228763,2314.698,0.05714017850864662
4054833782,79409.15554298183,242003.14479831886,2314.742,0.02046948949045872
4054934698,79409.16325338537,242003.13378208596,2314.769,0.01661324772583615
4055035034,79409.14798175714,242003.1446965756,2314.763,0.09149316914393117
4055136583,79409.16295481117,242003.15601759776,2314.73,0.08061017305526641
4055233841,79409.17051600189,242003.1561192721,2314.718,0.06809552114493288
4055336671,79409.1933489003,242003.14530661236,2314.691,0.051078371156488535
4055435797,79409.20847123975,242003.1455098726,2314.678,0.053197744313081545
4055533728,79409.24627710154,242003.14601805247,2314.642,0.08965489389877164
4055636492,79409.22404148786,242003.11235996056,2314.711,0.050059964043135306
4055733765,79409.20921779808,242003.08992134035,2314.743,0.05349766350038102
4055832247,79409.20936701917,242003.07880344987,2314.78,0.04202380277890139
4055934061,79409.17957020337,242003.04504366312,2314.864,0.05960704656330492
4056036839,79409.18713128782,242003.0451451214,2314.88,0.051516987489565035
4056135959,79409.15733466788,242003.01138572954,2314.912,0.090448880590088
4056236950,79409.17275554764,242002.98935340904,2314.947,0.031416556144810016
4056335161,79409.18772855334,242003.0006743325,2314.927,0.0604400529450463
4056436097,79409.165343699,242002.97813409194,2314.964,0.06516133823057964
4056534596,79409.18817655624,242002.96732134745,2314.948,0.022561028345356955
4056637387,79409.20344811736,242002.95640672185,2314.972,0.054332310828824504
4056735689,79409.20389619608,242002.92305389047,2314.973,0.0628728876384726
4056836631,79409.21130795419,242002.93427302595,2314.98,0.0669776081985614
4056935744,79409.20389606389,242002.92305362318,2315.008,0.07430343195303969
4057036688,79409.20434392325,242002.88970035035,2315.067,0.05813776741499453
4057133999,79409.22717666034,242002.8788873637,2315.083,0.07576938695805846
4057236876,79409.2123530603,242002.85644892603,2315.091,0.030430248109405877
4057335375,79409.19738010014,242002.84512809664,2315.099,0.044147480109288234
4057436323,79409.18996812258,242002.83390851878,2315.15,0.05399073994677235
4057535460,79409.16002221985,242002.81126689445,2315.161,0.10637198879404294
4057636566,79409.16032082033,242002.7890314348,2315.193,0.07988116173416608
4057735675,79409.19827594342,242002.77842180245,2315.184,0.03606937759374287
4057836601,79409.19101345078,242002.75608486682,2315.202,0.032015621187164243
4057937552,79409.18360150412,242002.74486535136,2315.245,0.04845616575834287
4058036232,79409.17633900017,242002.72252839338,2315.266,0.024879710609249456
4058139010,79409.20658385122,242002.72293526027,2315.195,0.08787491109526087
4058236271,79409.20658383988,242002.722935237,2315.198,0.02258317958127243
4058337223,79409.1993212266,242002.70059806015,2315.248,0.040620192023179805
4058434706,79409.16181395121,242002.67785439827,2315.319,0.05359104402789705
4058535677,79409.17693629536,242002.6780576678,2315.305,0.03956008088970497
4058636608,79409.17738422677,242002.64470453933,2315.345,0.0626338566591584
4058735717,79409.19250654856,242002.6449077623,2315.337,0.01860107523773827
4058836291,79409.18509460491,242002.63368825335,2315.379,0.04262628297189423
4058935425,79409.1776829214,242002.6224692734,2315.352,0.012041594578792296
4059038189,79409.16285917372,242002.6000305349,2315.399,0.04619523784980439
4059135468,79409.17012168495,242002.62236750592,2315.376,0.06661080993352356
4059236761,79409.1324653576,242002.61074207816,2315.365,0.10102474944289641
4059337712,79409.10978183683,242002.61043716595,2315.387,0.11531695452100701
4059438662,79409.13276390168,242002.58850650396,2315.412,0.0403236903073119
4059535350,79409.09525667409,242002.56576294452,2315.47,0.079012657213892
4059638477,79409.08028367831,242002.55444204435,2315.487,0.0669477408132642
4059733924,79409.06531052469,242002.54312082473,2315.546,0.07644605941446557
4059838564,79409.08058204838,242002.53220611718,2315.58,0.07291090453423274
4059937688,79409.07331954417,242002.50986916292,2315.601,0.01714642819948225
4060037198,79409.09615233866,242002.4990562899,2315.602,0.04249705872175155
4060136313,79409.1185372145,242002.5215965677,2315.56,0.09152595260361948
4060235422,79409.1037135567,242002.4991580164,2315.583,0.019052558883257648
4060337589,79409.09615222186,242002.49905605335,2315.633,0.03349626844888846
4060435297,79409.04352274662,242002.47610942088,2315.679,0.1282653499585917
4060536253,79408.9910424313,242002.44204477593,2315.778,0.17304623659588786
4060635365,79408.96094687162,242002.43052016757,2315.867,0.16371316379570705
4060736354,79408.96124535055,242002.40828446392,2315.931,0.11562871615649808
4060835885,79408.92373812106,242002.38554090261,2315.989,0.14410412901787376
4060936836,79408.92403664498,242002.36330529023,2316.041,0.09922197337283713
4061033495,79408.94642159715,242002.38584572077,2315.979,0.07570336848516056
4061136288,79408.93189651183,242002.34117165674,2316.041,0.10263527658656162
4061235780,79408.95472924651,242002.3303586617,2316.058,0.053272882407468816
4061334893,79408.96985159189,242002.3305619303,2316.044,0.060199667773169645
4061435858,79408.97741273836,242002.33066351153,2316.044,0.04545327270945404
4061534993,79408.98542175401,242002.29741184134,2316.1,0.09925220400575496
4061636352,79408.97771128154,242002.30842793453,2316.091,0.033749074061372404
4061735481,79408.97029934039,242002.29720843583,2316.132,0.05028916384272063
4061837742,79408.9931320828,242002.28639545478,2316.147,0.055
4061935114,79408.99298286246,242002.2975133462,2316.11,0.06549045732013177
4062036546,79408.99328140938,242002.27527777944,2316.156,0.062177166226839255
4062135767,79409.02352594212,242002.27568399627,2316.17,0.052239831546435904
4062238635,79409.01626321414,242002.25334658753,2316.25,0.06212084996198941
4062334198,79409.03909596852,242002.24253363162,2316.262,0.09194563611178075
4062437372,79409.01656171268,242002.23111092485,2316.309,0.09111531155629113
4062535956,79409.03198262797,242002.2090786714,2316.335,0.10232301793829188
4062635077,79409.02427204183,242002.22009453923,2316.356,0.06172519744804386
4062736052,79409.03954367616,242002.20918005425,2316.361,0.08387490685538793
4062835547,79409.0319822996,242002.20907801017,2316.422,0.06303967004989795
4062934653,79409.03954342696,242002.2091795504,2316.427,0.05109794516416487
4063037446,79409.02442111143,242002.20897634327,2316.433,0.05908468498688979
4063134722,79409.00959716589,242002.18653721176,2316.532,0.07212489168102784
4063236061,79409.02457015117,242002.19785808772,2316.518,0.052735187493740836
4063336413,79409.00203587208,242002.18643533345,2316.571,0.0947734139935879
4063437422,79408.99447461609,242002.18633353058,2316.6,0.09109884741312593
4063534721,79408.96437908885,242002.1748089902,2316.68,0.12088424214925615
4063634235,79409.01004442785,242002.15318273287,2316.749,0.08928605714219887
4063735172,79408.99492216836,242002.15297963936,2316.74,0.0897886407069402
4063836114,79409.0100442429,242002.15318235848,2316.798,0.08280096617793781
4063935224,79409.01790406465,242002.13104863372,2316.81,0.08769834662067466
4064035917,79409.02546519967,242002.13115019072,2316.813,0.08010617953691214
4064135037,79409.03272780309,242002.1534873452,2316.766,0.04920365840057018
4064237825,79409.04799942256,242002.14257283043,2316.775,0.0771816040258299
4064335155,79409.06312168892,242002.14277593978,2316.782,0.06982836100038436
4064436491,79409.05556065601,242002.14267458674,2316.752,0.0408656334834051
4064535622,79409.06312181745,242002.14277619869,2316.748,0.030870698080866264
4064636569,79409.01790394782,242002.13104839623,2316.841,0.058318093247293326
4064735694,79409.02546495094,242002.1311496878,2316.879,0.055263007518592394
4064836426,79409.04058725144,242002.1313528642,2316.877,0.03252691193458118
4064933720,79409.04799895464,242002.14257188514,2316.899,0.06428841264178171
4065036490,79409.0402884286,242002.15358787216,2316.904,0.09432391001225511
4065135589,79409.02561403939,242002.12003153097,2316.951,0.055830099408831435
4065236973,79409.05570918978,242002.1315553086,2316.971,0.04805205510693585
4065335578,79409.06356900035,242002.10942156054,2316.986,0.09322553298319082
4065437860,79409.0634197078,242002.12053930573,2316.968,0.07206247289678588
4065535859,79409.09336568257,242002.14318106417,2316.939,0.049497474683058325
4065637182,79409.11589985223,242002.15460359864,2316.915,0.06122907805936653
4065737159,79409.12331163426,242002.16582277976,2316.916,0.06634003316248795
4065837114,79409.10833857722,242002.15450175572,2316.949,0.03512833614050059
4065935244,79409.1234610061,242002.15470519383,2316.913,0.06391400472509919
4066037937,79409.12346092684,242002.1547050327,2316.934,0.03806573262134856
4066136612,79409.14629397594,242002.14389267378,2316.868,0.13443213901444848
4066235291,79409.21464306899,242002.12257179618,2316.854,0.2847174037532655
4066337010,79409.17683727568,242002.12206376716,2316.87,0.16539044712437292
4066436995,79409.13147068725,242002.12145486847,2316.793,0.16713168460827527
4066535661,79409.1170953252,242002.0656639291,2316.759,0.3402499081557554
4066637988,79409.16350746885,242001.98844963498,2316.828,0.35797346270359204
4066736644,79409.14142165196,242001.94367482793,2316.78,0.3627133854712285
4066837520,79409.09769753307,242001.82077124715,2316.834,0.5671525368011678
4066936166,79409.02357961434,242001.70857925806,2316.848,0.6863155251048894
4067038219,79408.92767437444,242001.5293768039,2316.872,1.0166248078814524
4067136881,79408.83888245275,242001.3836292755,2316.828,1.2390149313063181
4067237691,79408.7797375568,242001.2827582555,2316.816,1.1831779240672131
4067336381,79408.54788018156,242001.0906080976,2317.057,1.3560932858767496
4067436867,79408.5263917904,242001.00136285555,2317.01,1.2651663922188259
4067533711,79408.42944149952,242000.8999846531,2316.904,1.3472779965545343
4067636568,79408.29513368425,242000.7647460224,2316.76,1.5809421241778585
4067737076,79408.21360421886,242000.64133540727,2316.702,1.5587289693849922
4067836950,79408.15063180804,242000.26242199168,2316.773,1.9376444462284612
4067934785,79408.07696224007,242000.116877825,2316.704,1.82966035099414
4068037114,79408.03279069948,242000.02732847352,2316.575,1.6634235780461935
4068135784,79407.95200829953,241999.8483304074,2316.44,1.8000161110390094
4068234756,79407.84172797616,241999.61333776824,2316.334,2.0485341100406407
4068335897,79407.73826189156,241999.43403452076,2316.258,2.0788912910491497
4068434546,79407.56008040188,241999.18700975552,2316.193,2.3548768545297647
4068536250,79407.44194013972,241998.97415066976,2316.099,2.4220747304738555
4068634916,79407.34558747336,241998.82830256224,2315.927,2.3333763091280413
4068735902,79407.16621152133,241998.67021953315,2315.749,2.433570627699143
4068833001,79406.97380457807,241998.35628751852,2315.483,2.9101822966955178
4068935399,79406.73692737003,241997.97504147515,2315.076,3.497106375276566
4069035974,79406.71221011192,241997.56328608468,2314.762,3.5967615989942954
4069136963,79406.68570081874,241997.28494246304,2314.385,3.5501688692229836
4069235701,79406.60626313715,241997.00588716473,2314.091,3.534071023621342
4069337504,79406.55130127915,241996.59372552577,2313.769,3.862706046284133
4069436462,79406.51116366292,241996.20400357526,2313.274,4.214547188014389
4069537201,79406.42610665348,241995.78031828254,2312.918,4.486065090923225
4069635971,79406.24245614935,241995.37754819356,2312.497,4.7223940962185695
4069738388,79406.05169287782,241994.941324424,2311.983,5.1318453795881265
4069836283,79405.90614725502,241994.51682792045,2311.444,5.390477715379222
4069938712,79405.89401705858,241994.29428279772,2310.11,5.612807764390296
4070037051,79405.80732061966,241993.99289835244,2308.816,6.021377001982188
4070135815,79405.69037985896,241993.6911082426,2307.438,6.380185420503075
4070236946,79405.468179057,241993.3434231477,2306.387,6.540362451730027
4070337540,79405.2987581562,241993.0075690681,2305.025,6.919900360554333
4070436283,79405.00333357719,241992.48098291736,2304.445,7.092269100929546
4070538712,79404.65572779751,241991.8980981484,2303.809,7.458352968316799
4070636219,79404.44984380477,241991.46167500224,2302.808,7.56492385949786
4070740386,79404.21401311521,241991.00260888413,2301.999,7.532750759184855
4070836636,79403.85824811674,241990.4640920367,2301.492,7.587209500204934
4070937183,79403.58595646285,241989.904461205,2300.474,8.15697609411723
4071036086,79403.20054607083,241989.32107169554,2299.44,8.708576577145084
4071136606,79402.7544965214,241988.74798638653,2298.518,9.059958774740645
4071237401,79402.35396371505,241988.1643939428,2297.464,9.38571180039106
4071337992,79401.91681881764,241987.49135088176,2296.663,9.632629184184347
4071433161,79401.59219683941,241986.88654030487,2295.437,10.03309712900259
4071534930,79401.30597686306,241986.23776485957,2294.514,10.00788094453566
4071635551,79400.95941656826,241985.57705874555,2293.659,10.041184491881424
4071734937,79400.56082344479,241984.84893474262,2292.971,10.115451645873259
4071835775,79400.11716183615,241984.0979660349,2292.297,10.202447206430426
4071936283,79399.63733701066,241983.22419582494,2291.625,10.75775534207764
4072034944,79399.22481629883,241982.40692864824,2290.842,11.031781995670508
4072135913,79398.7518058006,241981.58884838503,2290.135,11.154474304062921
4072238260,79398.41504518563,241980.76147785038,2289.547,11.005363874038876
4072338167,79398.09475082476,241979.8342519151,2288.971,11.170623706848245
4072437101,79397.75918519989,241978.91794154886,2288.254,11.480931190456635
4072536077,79397.49908195052,241978.01376456674,2287.524,11.586482555115682
4072638422,79397.16366516912,241977.0863360511,2286.883,11.603389418613856
4072733463,79396.82899475416,241976.10331911314,2286.296,11.728734714367105
4072837626,79396.47905289782,241975.13121742476,2285.61,11.88572130751853
4072936436,79396.15104797049,241974.21500884835,2284.877,11.897433252596965
4073036571,79395.98879308127,241973.34550805204,2283.76,12.259338522122636
4073137076,79395.72217367396,241972.36340683047,2282.967,12.361491859803976
4073238224,79395.440432068,241971.38110303786,2282.103,12.555794439222078
4073336902,79395.10606059345,241970.37585285679,2281.272,12.654127429420015
4073439251,79394.8475995581,241969.34938313067,2280.438,12.812217957871308
4073537945,79394.58839184316,241968.37850160245,2279.584,12.734024147927473
4073637327,79394.2999843119,241967.3293900313,2278.804,12.844026315762514
4073736093,79394.05724281725,241966.25865329988,2277.936,13.099319066272109
4073836062,79393.7388893618,241965.18690111674,2277.049,13.305066290702952
4073936632,79393.42113279873,241964.07067792024,2276.242,13.494200013339064
4074033803,79393.17824132013,241963.01105815265,2275.464,13.352436481781144
4074138054,79392.86063393678,241961.88371756673,2274.633,13.599720217710365
4074233337,79392.52019371765,241960.7671903735,2273.744,13.785611810870058
4074336707,79392.23979440653,241959.68482731748,2273.009,13.626544903239413
4074433537,79391.91387845756,241958.61297255848,2272.271,13.491501695511882
4074538953,79391.60427918253,241957.45237965416,2271.589,13.595224492445867
4074633985,79391.39178094547,241956.38204807602,2270.88,13.470462241511981
4074735050,79391.22509818635,241955.27897374053,2270.078,13.50279119293489
4074835922,79391.13462454759,241954.13244418334,2269.325,13.57562013316519
4074936437,79390.93103139194,241952.962156103,2268.567,13.683063472775386
4075035100,79390.69823854067,241951.71363849938,2267.816,13.932782672531715
4075136020,79390.49539203831,241950.48776286189,2266.998,14.139057995496023
4075234671,79390.3235369901,241949.20670558698,2266.159,14.43911718215487
4075334577,79390.17346960829,241947.9926587008,2265.31,14.516732552471993
4075435475,79389.96261424168,241946.80003554,2264.337,14.67465553258406
4075534313,79389.76852326239,241945.48532083165,2263.494,14.96759619979107
4075634808,79389.55130082485,241944.20365482476,2262.581,15.23755154216057
4075735311,79389.35795605622,241942.8333517164,2261.789,15.483882846366411
4075834912,79389.18003205134,241941.44101606216,2261.056,15.620872574859575
4075935417,79389.03309953483,241939.99349877238,2260.301,15.871594563874167
4076034436,79388.8105543601,241938.5449653538,2259.624,15.967346523452166
4076134308,79388.6698392966,241937.19760866463,2258.794,15.927974164971515
4076235338,79388.46032646432,241935.90492599458,2257.969,15.783370996083185
4076335882,79388.22887613362,241934.55635006446,2257.22,15.74589371868107
4076434549,79387.98185536561,241933.24092406686,2256.444,15.667427548899022
4076535070,79387.73319231928,241932.04779241793,2255.581,15.4238336349949
4076632649,79387.49283667695,241930.7991736848,2254.799,15.298938198450244
4076734973,79387.20547144355,241929.6722401958,2253.903,15.08180390404278
4076834869,79386.95770350123,241928.4124020394,2253.16,15.028681246203874
4076935370,79386.57577437487,241927.00620751176,2252.362,15.4344882973165
4077034177,79386.20110793543,241925.62235031277,2251.494,15.7272315109812
4077134663,79385.87787669335,241924.35037963372,2250.681,15.669909189271008
4077237399,79385.69606907539,241923.24710202776,2249.932,15.176265976846874
4077336794,79385.27364509372,241922.04051612876,2249.218,15.061348445607385
4077435532,79384.75929172886,241920.92165311705,2248.427,14.936428856992556
4077537937,79384.19260688245,241919.75760939158,2247.571,15.003229552333059
4077637949,79383.6122922476,241918.48218629602,2246.751,15.217088486303812
4077738984,79382.92298471983,241917.43881213386,2245.828,15.136681175211429
4077836186,79382.19676605849,241916.32822380587,2245.021,15.13878469362716
4077936695,79381.66564676307,241915.3314517727,2244.216,14.839298703105886
4078037202,79381.15855481407,241914.23492601328,2243.405,14.765766251705328
4078137977,79380.61261158207,241913.21571649797,2242.506,14.680415593572274
4078237136,79380.04487981815,241912.12949604262,2241.703,14.68121500421542
4078337497,79379.53037525334,241911.02175116912,2240.907,14.66856669889734
4078436160,79379.04641402846,241909.8921770649,2240.142,14.630420397240814
4078537131,79378.49455078009,241908.75057206303,2239.307,14.721741642889947
4078636284,79377.98790564774,241907.62069402728,2238.464,14.74958070590483
4078737259,79377.67103849385,241906.4377664365,2237.627,14.759467368438468
4078836967,79377.48818475737,241905.41231473535,2236.569,14.544008422714834
4078937951,79377.0036257827,241904.3272118885,2235.719,14.501675937628725
4079037518,79376.46703310433,241903.17469192762,2234.968,14.556118541699226
4079137899,79375.92377441435,241901.95536428783,2234.291,14.69482949884074
4079233721,79375.30505235352,241900.72390440293,2233.526,14.94153854193068
4079338341,79374.85994088811,241899.5170152299,2232.746,14.979718088135037
4079437482,79374.39199653051,241898.32093995623,2231.853,15.1106956160198
4079538456,79373.97061377727,241897.0365326861,2231.012,15.277715994218505
4079636240,79373.5055052162,241895.62922240142,2230.195,15.628392303752806
4079739063,79373.0544738273,241894.29993816,2229.418,15.734045029807179
4079837585,79372.56459110549,241893.0479701776,2228.557,15.771366776535254
4079939304,79372.05083002834,241891.8846385097,2227.694,15.655594591071909
4080038467,79371.64780092576,241890.9229467092,2226.838,15.194749125931628
4080137600,79371.17821317728,241889.84916563611,2225.912,15.077410951486332
4080237096,79370.62798869134,241888.5852681566,2225.028,15.31186696650673
4080338540,79370.05552770226,241887.28771288134,2224.203,15.547575019918701
4080437672,79369.43605700688,241886.1118429834,2223.27,15.642472726522492
4080534968,79368.96219073614,241884.79337212723,2222.491,15.76072517367142
4080637145,79368.37281544314,241883.62902603857,2221.562,15.744144403555246
4080738431,79367.8305988535,241882.33187754266,2220.68,15.930958131888993
4080837973,79367.3177316248,241881.10184095707,2219.782,15.92302188656412
4080938969,79366.8208822673,241879.8053015098,2218.927,16.046148104763336
4081038120,79366.34522483547,241878.62024472374,2217.812,16.063153270762253
4081137334,79365.82554224799,241877.33451921958,2216.85,16.23083996594138
4081238321,79365.38784006226,241876.13885223307,2215.774,16.11384662332368
4081338696,79364.83716525215,241874.90830838773,2214.861,16.087540085420144
4081438754,79364.34713021191,241873.66745967884,2213.881,16.108654071647326
4081537887,79363.87873438718,241872.50473957788,2212.801,16.01554176417395
4081638858,79363.50938112856,241871.28774992283,2211.896,15.872834308969525
4081738061,79362.96716255732,241869.99060256034,2210.93,16.17518290468457
4081835740,79362.4615560725,241868.78290345334,2209.996,16.071806276831488
4081938525,79361.99390510199,241867.564594117,2209.096,15.991128634339729
4082039781,79361.50327214933,241866.36821691785,2208.008,16.09872125356545
4082138314,79360.9597093765,241865.1711284127,2207.016,16.121659095763068
4082239411,79360.44683952494,241863.9410933517,2206.005,16.209593609958272
4082338556,79360.00127478784,241862.7675594464,2205.068,16.049851930781166
4082439547,79359.51820164178,241861.5712825656,2204.161,15.968509917960409
4082537598,79359.05826078459,241860.34195893537,2203.06,16.12604294301612
4082638968,79358.54523947672,241859.12303894106,2202.406,15.892464251965459
4082738155,79358.07669060344,241857.9714341443,2201.695,15.570320163696056
4082838527,79357.63142479966,241856.7756680278,2200.391,15.98375706772347
4082938148,79357.1416838584,241855.5125822369,2199.744,15.823162420957448
4083039132,79356.69626768603,241854.3279323466,2198.631,15.902911117150847
4083136455,79356.25040342257,241853.176635026,2197.556,15.815623446453193
4083237768,79355.73753147075,241851.94660044461,2196.542,16.02043051855973
4083337212,79355.24008013234,241850.6945330212,2195.62,16.088235360038713
4083438169,79354.83232079231,241849.5215087561,2194.466,16.049697598397298
4083537340,79354.40321899776,241848.24811850768,2193.711,15.996795022753776
4083637701,79353.93541566054,241847.0409281496,2192.725,15.967417762431095
4083736940,79353.47547163429,241845.81160346046,2191.827,15.985854027858505
4083836430,79353.03169477676,241844.50465847366,2190.944,16.24224793555375
4083937417,79352.68427556942,241843.34356301557,2189.924,15.95709917246866
4084038974,79352.31462006371,241842.14881057758,2188.861,15.934833698536048
4084136280,79351.98988448433,241840.98801941797,2187.876,15.71223593254633
4084237233,79351.65833350904,241839.77153848857,2186.925,15.738175434274458
4084339433,79351.26703738075,241838.49865675438,2186.075,15.844087414553101
4084437528,79350.89086416902,241837.22597882524,2185.124,15.984345779543183
4084536670,79350.44663827938,241835.95238684025,2184.246,16.055231670704725
4084637627,79350.06230602448,241834.72407716978,2183.39,15.937167722026395
4084736786,79349.65558787396,241833.47322756425,2182.566,15.894774770345128
4084837979,79349.35383332634,241832.2905049119,2181.707,15.60086795662344
4084937133,79348.97571853087,241831.16235473938,2180.92,15.27545089350884
4085038461,79348.56870172497,241829.93374108896,2180.01,15.43604032775245
4085136160,79348.15457108438,241828.67167315632,2179.1,15.65486311022872
4085237129,79347.8612733112,241827.42234760895,2178.091,15.776978988386846
4085336301,79347.59110679182,241826.13997288793,2177.197,15.758087986808553
4085437276,79347.29706183549,241824.94623390492,2176.384,15.536691604070667
4085538804,79346.97292019713,241823.74097075686,2175.648,15.373388533436602
4085636462,79346.90631306327,241822.50580606982,2174.871,15.236036295572415
4085733770,79346.61982936734,241821.31216909457,2173.997,15.198375801380882
4085837787,79346.29718035071,241819.99573126622,2173.088,15.460215554771544
4085937325,79346.0889967056,241818.60299304966,2172.131,15.7640102765762
4086036469,79345.84285649376,241817.2208643416,2171.256,15.96124490758788
4086137441,79345.57507658191,241815.76060783863,2170.392,16.25115983553174
4086236983,79345.38082096509,241814.4570124084,2169.577,16.09113314841438
4086336305,79345.17114413362,241813.17544944678,2168.73,15.960398804541196
4086439121,79344.80043982035,241812.05851967912,2167.815,15.700765522738056
4086538267,79344.43018297963,241810.90823698323,2166.918,15.541036323231474
4086637762,79344.21856571868,241809.77120274585,2166.095,15.3039964061679
4086738744,79343.98471165691,241808.60051078442,2165.329,15.12589296537563
4086838260,79343.80970725657,241807.55292466283,2164.534,14.794979249731984
4086939245,79343.60520366367,241806.44934520684,2163.653,14.678557183865177
4087035260,79343.47765651991,241805.2467212556,2162.903,14.640117280950998
4087138094,79343.38453301773,241803.73320984188,2162.221,15.047403596634204
4087237223,79343.0876501277,241802.75070462655,2161.538,14.60519120039173
4087337544,79343.12202561914,241801.3167416118,2160.886,14.834871452088823
4087439236,79343.05377678081,241800.20387274586,2159.837,14.80068356529522
4087538377,79342.91866857547,241799.00114862528,2158.917,14.855856690208075
4087639343,79342.80654279601,241797.77649340592,2158.046,14.885536402830768
4087738497,79342.5863190118,241796.7171816919,2157.132,14.713877972852703
4087839646,79342.26913969843,241795.55649188813,2156.252,14.727338557933678
4087938801,79341.97374923436,241794.46281238925,2155.348,14.654768131908469
4088038333,79341.77576166687,241793.4371578889,2154.449,14.432841334955498
4088137644,79341.61677472101,241792.32306968607,2153.593,14.377275680740075
4088240463,79341.44326160078,241791.1643077582,2152.781,14.373575094596335
4088335946,79341.29213358492,241790.02808424924,2152.135,14.202679817555557
4088438732,79341.0167412437,241789.13482688833,2151.136,13.90365656940648
4088538381,79340.97162274749,241787.9889077926,2150.341,13.940924251999938
4088639639,79340.94844261122,241786.89888165705,2149.485,13.917868155719825
4088738803,79340.78084912065,241785.86251484323,2148.68,13.79864620171124
4088839151,79340.61429974926,241784.74832407478,2147.971,13.772750124793523
4088936790,79340.38710906767,241783.6444377657,2147.424,13.608987398039577
4089039600,79340.15932219097,241782.58502345625,2146.671,13.569539638469685
4089136899,79339.93879846664,241781.54794636648,2145.851,13.542749831551937
4089238133,79339.7636431585,241780.51147805806,2145.052,13.495039310798617
4089337410,79339.53496059752,241779.51876916736,2144.33,13.328846199127664
4089438374,79339.4275590261,241778.50544832088,2143.683,13.176679020147679
4089537511,79339.3810963442,241777.45958617795,2143.087,13.082187508211307
4089636684,79339.29060754564,241776.31305577606,2142.609,13.112468608160707
4089737605,79339.29662737521,241775.30125720054,2141.969,12.98724836137355
4089838842,79339.13599696138,241774.30946076196,2141.374,12.829777472738957
4089937932,79339.03183085477,241773.61865503155,2140.321,12.43907693520705
4090039596,79338.93835852826,241772.6944786897,2139.585,12.39411126301519
4090138350,79338.79165745646,241771.79182676598,2138.899,12.287531322442275
4090238878,79338.64316605125,241771.0225867331,2138.129,11.989833776996242
4090338771,79338.51870152903,241770.15359202307,2137.452,11.906767529434678
4090438410,79338.44806208645,241769.2186015239,2136.851,11.895446397676716
4090538921,79338.31175648315,241768.1048148172,2136.403,12.184168826801441
4090637592,79338.28011803725,241767.08139113523,2135.774,12.29755642394049
4090738092,79338.10302222385,241766.189451986,2134.945,12.245076398291683
4090838843,79338.04661035615,241765.32137030736,2134.316,12.00002858329929
4090935669,79337.95950567634,241764.48623682,2133.513,11.868275064220578
4091038892,79337.77380340033,241763.6720186891,2132.781,11.694483058262987
4091138779,79337.77668913447,241762.893689299,2132.209,11.329024053288967
4091239376,79337.67326736804,241762.1472929204,2131.506,11.131973634535791
4091338054,79337.57710950279,241761.42323506624,2130.563,11.118738642489982
4091438544,79337.57094342956,241760.75598392077,2129.507,11.092345964673118
4091537955,79337.50532940935,241760.0100960657,2128.661,11.08987696054379
4091640299,79337.47826844855,241759.20912706386,2127.888,11.147077688793596
4091738979,79337.3156972338,241758.3618591968,2127.34,11.124231344232284
4091838879,79337.15223129187,241757.58129817806,2126.632,11.096549463684648
4091938120,79336.93598414304,241756.7889088625,2125.964,11.066853617898811
4092038632,79336.57606889975,241755.99459081702,2125.367,11.031227402243143
4092139150,79336.34350591035,241755.29094124865,2124.455,11.05479031913315
4092235991,79336.09552180902,241754.60932452604,2123.465,11.097162790551465
4092340567,79335.87852871476,241753.87252402864,2122.698,11.07187427674285
4092439243,79335.67770184042,241753.05810101144,2122.229,10.988209863303485
4092541592,79335.5593053794,241752.30038312916,2121.655,10.864204802929665
4092639661,79335.56855876741,241751.6110964939,2121.027,10.66760019873261
4092740424,79335.52577671607,241750.85439299978,2120.511,10.576021794606893
4092839159,79335.45941465016,241750.16409000754,2120.084,10.36623065535395
4092939655,79335.38608836771,241749.4292159956,2119.542,10.312346289763548
4093038330,79335.49170083941,241748.88577691652,2118.988,9.94182724653773
4093138948,79335.40902244045,241748.2842124384,2118.476,9.758871963500699
4093239449,79335.43488965351,241747.48395034112,2118.162,9.851548507722022
4093339295,79335.3468878075,241746.71552015934,2117.672,9.982931833885274
4093438897,79335.33375485265,241746.00369327143,2117.123,9.98547930747443
4093537552,79335.32773647798,241745.32532217354,2116.378,10.056524797364148
4093639888,79335.27590155228,241744.67969486117,2115.65,9.993748696059953
4093738582,79335.16372386535,241744.02213780116,2114.96,9.958596989536227
4093839700,79335.29734626894,241743.64587295149,2113.849,9.659103115714212
4093938352,79335.37002879145,241743.30214815214,2112.857,9.351279805459786
4094038845,79335.27088522278,241742.80044072494,2112.138,9.235302052450693
4094138718,79335.19576808813,241742.19897756912,2111.648,9.181197852132367
4094237877,79335.20546863052,241741.47633732576,2111.126,9.355756890813272
4094338373,79335.22168679858,241740.831623015,2110.443,9.454063412099583
4094438860,79335.20765916919,241740.18650303502,2109.726,9.564515774465532
4094539355,79335.1107526301,241739.51802949794,2109.278,9.495749206881992
4094640293,79335.06647805468,241738.87250158656,2108.824,9.43027279563004
4094740802,79334.82928796194,241738.51349634863,2108.104,9.115813512791933
4094837019,79334.82341784029,241737.8240059223,2107.586,9.22442160788415
4094941191,79334.6869133388,241737.28843632434,2107.125,9.0382014250624
4095040136,79334.47375034599,241736.82967684977,2106.44,8.934155863874325
4095140641,79334.26904385757,241736.3043128634,2105.805,8.916277754758427
4095239313,79334.1332856223,241735.71315591875,2105.258,8.95482892075555
4095339800,79334.05891410807,241735.05610441044,2104.815,8.997497874409307
4095438598,79333.93798061811,241734.4873861149,2104.206,8.990388534429421
4095540963,79333.75033580084,241733.81769455783,2103.795,9.034801602691672
4095639011,79333.5840315359,241733.248363805,2103.656,8.74409800951476
4095740486,79333.50816698026,241732.70248654764,2103.448,8.44850365449409
4095839193,79333.46921538046,241732.2238238128,2103.043,8.247145203038443
4095939684,79333.39200919082,241731.77800749056,2102.507,8.136586630768457
4096038356,79333.33246127798,241731.14339249115,2102.283,8.188898582837622
4096137608,79333.16615722311,241730.57406243403,2102.055,8.122141712627279
4096238102,79333.03810833629,241729.97188720107,2101.796,8.111486978353598
4096339782,79332.94622644318,241729.4925146019,2101.328,8.002452998924767
4096438495,79332.7940018045,241729.00121263508,2100.851,7.951202299023715
4096539458,79332.73206742936,241728.54448111262,2100.389,7.840268936713842
4096639970,79332.65590431124,241728.0208390802,2100.181,7.718945912493493
4096740469,79332.69226932211,241727.56542666256,2099.735,7.646913821928425
4096839166,79332.63048411951,241727.09757753368,2099.274,7.625006360653084
4096940039,79332.50880347397,241726.58444565441,2098.88,7.638792378380237
4097038708,79332.42373678219,241726.16076219827,2098.459,7.4913470751260745
4097140420,79332.3994599933,241725.7156543769,2098.168,7.3482200565851326
4097239089,79332.3289189683,241725.33664327953,2097.88,7.12483564722724
4097339807,79332.07690283543,241724.95519858412,2097.346,7.110324183889227
4097436630,79331.94497602656,241724.64208426327,2096.668,7.107152805448887
4097540792,79331.88985701681,241724.24104224239,2096.207,7.085071276987974
4097639459,79331.82021106835,241723.79532537516,2095.94,7.0382209399819216
4097741900,79331.78066206916,241723.36113232654,2095.633,6.997378437672212
4097839952,79331.73504364952,241722.81566192396,2095.306,7.117911140215225
4097940457,79331.6422665133,241722.40299537964,2094.784,7.10660460416928
4098039795,79331.60182264389,241722.0355086848,2094.381,6.97092533312472
4098140298,79331.4931759184,241721.67822609097,2094.005,6.831867167912444
4098239014,79331.57162647686,241721.46800779365,2093.823,6.478265585787604
4098341344,79331.61376189953,241721.14610683732,2093.541,6.37500478431193
4098438732,79331.52794847665,241720.77801026497,2093.271,6.319664627177617
4098541068,79331.42656418112,241720.44306305703,2093.066,6.218023319351576
4098639117,79331.40139208385,241720.0646608835,2092.772,6.208450209190696
4098737772,79331.43626489223,241719.72042424418,2092.359,6.2068429172970045
4098840557,79331.42561961999,241719.38669668138,2091.902,6.2134200727135775
4098941064,79331.43706150728,241719.0977428276,2091.594,6.102356593972529
4099039727,79331.50869655516,241718.8318349654,2091.421,5.937119250949908
4099138419,79331.55068207042,241718.52105016727,2091.329,5.80202981722776
4099239282,79331.52476210824,241718.19823225774,2091.527,5.5660248831639265
4099340992,79331.49232577295,241717.79749114066,2091.53,5.518650650294871
4099439665,79331.4732224009,241717.53036492877,2091.439,5.382671177027258
4099540170,79331.43098716032,241717.2962876372,2091.277,5.252550428125369
4099639067,79331.35955012294,241716.983980909,2091.155,5.192087248881705
4099739549,79331.2215511677,241716.55958424602,2091.114,5.21605415999489
4099838208,79331.29676735145,241716.02685454208,2090.858,5.470585891840105
4099938793,79331.30820958734,241715.73790140636,2090.456,5.433682637033562
4100037717,79331.28079921062,241715.52626280487,2090.225,5.245888771218849
4100139519,79331.2842313011,241715.27055891696,2090.096,5.1129070987061755
4100240095,79331.2867683718,241715.08156101592,2089.919,4.94351514612831
4100339798,79331.29716549627,241714.87042966578,2089.705,4.862694314883468
4100440381,79331.31422951563,241714.72610658593,2089.337,4.787511253250482
4100540884,79331.31009819836,241714.47029739618,2089.71,4.5631421191981305
4100641397,79331.35874781985,241714.22631520778,2090.206,4.3217148216882615
4100740633,79331.30168670489,241713.96979731228,2090.365,4.205468107119587
4100842359,79331.35670613684,241713.81486125197,2090.359,4.109019956145261
4100941084,79330.91833152279,241713.23075154517,2091.307,3.9494071707029654
4101039756,79330.79366387062,241712.93996663764,2091.587,3.8369530880634963
4101140722,79330.73600689007,241712.72792111803,2091.489,3.7974125401383505
4101239380,79330.74580689396,241712.56125956215,2091.356,3.701461738286646
4101338053,79330.7707300535,241712.39480120596,2091.191,3.6399596151605857
4101440395,79330.7857054772,241712.4061249718,2090.77,3.525527903733
4101541217,79330.77162657572,241712.3280982701,2090.839,3.3671174615685744
4101641109,79330.70685338817,241712.08259386104,2091.345,3.209394335384794
4101741614,79330.62606267944,241711.90359355975,2091.662,3.069597530621889
4101840319,79330.54512274798,241711.73571082577,2091.984,2.931132375038698
4101941099,79330.44846374387,241711.6120970929,2092.104,2.8363032277949407
4102039763,79330.38249717776,241711.4555339776,2092.549,2.66170941314036
4102140263,79330.31533820296,241711.38791407272,2092.681,2.540375759607228
4102240770,79330.24210895336,241711.20901517477,2093.008,2.4388179513854658
4102341382,79330.19066867196,241711.09712552372,2093.44,2.2469281252412143
4102439910,79330.18429967611,241711.00808108132,2093.721,2.1277988626747595
4102540856,79330.13151746802,241710.9962515887,2093.926,2.0204764289642183
4102638139,79330.01083037537,241710.97239038255,2094.24,1.959223570703456
4102739217,79329.92038978415,241710.9489359446,2094.441,1.9074129075792687
4102840175,79329.87442403931,241710.99279782642,2094.399,1.9022187045658026
4102941124,79329.83721253945,241710.9478186369,2094.583,1.7727543541054975
4103040232,79329.791842731,241710.94720838591,2094.767,1.7190898754864445
4103142520,79329.76204347296,241710.91344811395,2094.972,1.5922389895992373
4103241667,79329.74706911882,241710.90212652367,2095.108,1.5134245934304094
4103342639,79329.71697154519,241710.89060161822,2095.292,1.4153642640677346
4103442740,79329.72408504302,241710.92405503336,2095.406,1.3643467301239813
4103541886,79329.71652309017,241710.92395268008,2095.521,1.281334460630791
4103641055,79329.71667168735,241710.91283386573,2095.68,1.1615369128874038
4103740158,79329.69383752596,241710.92364621907,2095.788,1.1071418156677129
4103840064,79329.68627558462,241710.92354389187,2095.9,1.0416669333332993
4103940442,79329.67826634986,241710.95679497253,2095.933,0.992563348104291
4104041406,79329.6704063013,241710.97892843187,2095.969,0.9383544106572953
4104142362,79329.65498472234,241711.00096038915,2096.008,0.8789431153379609
4104240446,79329.6395631889,241711.02299244143,2096.035,0.8358217513321845
4104341387,79329.62414166279,241711.04502450768,2096.06,0.7787483547334145
4104440506,79329.63095740469,241711.10071441438,2096.005,0.7844392901939576
4104541489,79329.61553610234,241711.1227469314,2095.971,0.7278227806272622
4104639059,79329.59240387625,241711.15579515602,2095.992,0.6949856113618469
4104741829,79329.57653499822,241711.21118051186,2095.954,0.6791156013522293
4104840941,79329.55325372716,241711.25534664653,2095.935,0.6362963146207905
4104941905,79329.53738497046,241711.31073224358,2095.865,0.6242507509006296
4105040161,79329.52181441116,241711.3438822413,2095.847,0.5864511914899654
4105141092,79329.51365614023,241711.38825124968,2095.838,0.5527051655267933
4105238381,79329.50549820877,241711.43262093794,2095.739,0.5290529274089691
4105341136,79329.49022604735,241711.4435357405,2095.72,0.4756017241348059
4105441522,79329.49734025112,241711.47699058056,2095.647,0.475071573554975
4105542583,79329.47420831396,241711.51003938355,2095.592,0.47312260567425857
4105641707,79329.45878711822,241711.53207211476,2095.53,0.4379246510531235
4105742654,79329.44336576019,241711.55410451628,2095.511,0.40572034703721727
4105841769,79329.42038279386,241711.57603526115,2095.516,0.3861062030063749
4105942855,79329.40511063277,241711.58695005905,2095.497,0.35520275899829384
4106040121,79329.40481237562,241711.60918554198,2095.461,0.338107970920533
4106142270,79329.41207563304,241711.63152248878,2095.426,0.3596400978756401
4106241381,79329.39665432462,241711.65355498902,2095.394,0.3486932749566587
4106344274,79329.38153141674,241711.65335230064,2095.36,0.3116183563270944
4106441557,79329.36640847047,241711.65314953402,2095.336,0.2883435450985508
4106540757,79329.35098736286,241711.67518244032,2095.251,0.29220540720527405
4106641789,79329.37337363746,241711.69772229716,2095.221,0.3078051331605761
4106742973,79329.36566310782,241711.70873880107,2095.172,0.293598365118064
4106842163,79329.37307568236,241711.71995838918,2095.105,0.2621106636518247
4106942602,79329.37292653108,241711.73107608221,2095.093,0.2577712163915901
4107041808,79329.3575053213,241711.7531087827,2095.035,0.2678133678515694
4107142988,79329.36506702774,241711.75321063772,2094.985,0.22889735690916135
4107240386,79329.37218118306,241711.78666537907,2094.925,0.23690082313069324
4107343240,79329.37173376344,241711.8200185327,2094.88,0.26210303317588673
4107442460,79329.37188300147,241711.80890101288,2094.869,0.20393136100168607
4107541825,79329.37929540954,241711.82012026384,2094.846,0.19293003913336046
4107642249,79329.37899722838,241711.84235589765,2094.79,0.20883965140748537
4107743180,79329.36372512032,241711.85327080358,2094.757,0.20661316511781141
4107840467,79329.37128667982,241711.8533723615,2094.746,0.18459144075498193
4107943580,79329.36342689705,241711.87550635263,2094.712,0.18290161289611417
4108040866,79329.36327795371,241711.88662446663,2094.645,0.18168379124181663
4108141844,79329.37054127142,241711.9089615345,2094.594,0.1828824759237473
4108240941,79329.34785675572,241711.90865718853,2094.584,0.16652627420320193
4108342256,79329.34770771395,241711.91977510415,2094.543,0.14692515101234369
4108442595,79329.33183909686,241711.97516097873,2094.437,0.16279434879626503
4108541724,79329.33168996089,241711.9862787053,2094.421,0.14300000000000002
4108640820,79329.30855808312,241712.0193276247,2094.351,0.15266630276521406
4108742215,79329.30796151675,241712.06379847694,2094.293,0.14667992364328528
4108841312,79329.29239115314,241712.09694886487,2094.224,0.12442266674525183
4108942265,79329.29209305128,241712.11918465793,2094.147,0.1121160113453917
4109041410,79329.28393497494,241712.16355405562,2094.087,0.11693160394008115
4109138603,79329.29104909988,241712.19700873364,2094.035,0.12235195135346229
4109241356,79329.29075092248,241712.21924437582,2093.978,0.10008496390567366
4109342291,79329.27547881608,241712.23015927896,2093.945,0.08736704184073077
4109441401,79329.27488227624,241712.274630188,2093.88,0.10101980003939823
4109541143,79329.26717164181,241712.2856464777,2093.859,0.08067837380611981
4109642088,79329.26702266796,241712.29676452838,2093.8,0.0862670273047588
4109741188,79329.2667243928,241712.31899997313,2093.769,0.07041306696913578
4109842131,79329.25115398463,241712.35215026885,2093.712,0.10107423014794621
4109943414,79329.25871563402,241712.3522520084,2093.677,0.07130918594402828
4110040690,79329.24314518824,241712.38540222775,2093.63,0.08950418984606252
4110141625,79329.25055762271,241712.3966215346,2093.6,0.07697402159170326
4110240728,79329.23513633938,241712.41865408234,2093.562,0.07292461861401814
4110343509,79329.24254887509,241712.42987359315,2093.505,0.0685638388656878
4110439082,79329.23439080335,241712.4742429955,2093.444,0.10999545445153631
4110541840,79329.23409259596,241712.4964785762,2093.395,0.07534586916347837
4110642142,79329.23379442643,241712.5187142305,2093.336,0.0636553218513582
4110741336,79329.2333470981,241712.55206756666,2093.267,0.06783067152844648
4110842529,79329.22533808695,241712.5853190925,2093.242,0.11975808949711915
4110941735,79329.21762763413,241712.59633574728,2093.173,0.06490762667052309
4111042765,79329.20976797036,241712.61846997682,2093.108,0.06363175307973214
4111141957,79329.20961897436,241712.62958798185,2093.055,0.07368174807915458
4111243228,79329.2093205932,241712.65182321146,2093.052,0.108816359064251
4111342354,79329.19375031098,241712.6849737577,2092.962,0.07768526243760782
4111440836,79329.20857513342,241712.70741228014,2092.914,0.07314369419163896
4111541774,79329.19330312252,241712.71832737513,2092.856,0.052706735812417756
4111641202,79329.18544342095,241712.74046152458,2092.801,0.05379591062525106
4111738519,79329.1777327649,241712.75147776958,2092.786,0.056586217403180435
4111841278,79329.17758382898,241712.7625958994,2092.717,0.04178516483155236
4111942334,79329.16972412777,241712.78473004792,2092.662,0.03943348830626071
4112041932,79329.16186438515,241712.80686411727,2092.618,0.05388877434122992
4112140491,79329.16171530985,241712.81798196677,2092.586,0.04318564576337837
4112241502,79329.15415386866,241712.81788064353,2092.566,0.054717456081217815
4112342521,79329.15385557106,241712.84011604078,2092.541,0.04925444142409901
4112442151,79329.16868049887,241712.8625547737,2092.465,0.049909918853871124
4112543101,79329.15370680497,241712.8512345124,2092.427,0.06284902544988268
4112640422,79329.17594380774,241712.88489182852,2092.416,0.10534229919647663
4112743185,79329.17579483836,241712.8960098885,2092.356,0.05097057974949863
4112842794,79329.17564575531,241712.90712771937,2092.326,0.033778691508109075
4112943164,79329.19047061857,241712.9295663247,2092.267,0.06583312236253117
4113040484,79329.18276000059,241712.9405826442,2092.242,0.09378166132032424
4113141416,79329.18261101187,241712.951700666,2092.187,0.05338539126015656
4113241030,79329.18987433612,241712.97403775062,2092.134,0.03724244889907215
4113341959,79329.19713762592,241712.99637476634,2092.09,0.054488530903301115
4113441062,79329.19683935835,241713.01861022413,2092.057,0.0859127464349732
4113542043,79329.19669038095,241713.0297282692,2091.999,0.041880783182743846
4113642928,79329.18156740873,241713.02952544205,2091.983,0.062305697973780855
4113742050,79329.1889798875,241713.0407448411,2091.941,0.016822603841260723
4113841139,79329.18883079705,241713.05186265614,2091.913,0.02240535650240808
4113943910,79329.17355873046,241713.06277763937,2091.87,0.043920382511995495
4114041834,79329.16569905994,241713.08491185308,2091.807,0.05085272854036448
4114142785,79329.15813765314,241713.08481059875,2091.778,0.04101219330881976
4114241916,79329.15783944949,241713.10704618786,2091.728,0.041
4114342859,79329.14256731898,241713.1179610407,2091.702,0.04574931693479149
4114442157,79329.15027808417,241713.10694501922,2091.688,0.03768288736283354
4114543100,79329.142269293,241713.1401969865,2091.605,0.04178516483155236
4114640368,79329.14226940255,241713.14019720815,2091.576,0.03672873534441391
4114743144,79329.14212014222,241713.15131468046,2091.593,0.05209606511052443
4114843218,79329.13455876197,241713.1512134811,2091.557,0.0524785670536077
4114944122,79329.14938364722,241713.17365213018,2091.492,0.06570388116390082
4115043230,79329.13381321591,241713.20680237375,2091.442,0.07385120175054703
4115143491,79329.13396234397,241713.1956846323,2091.46,0.021470910553583886
4115242553,79329.13366423844,241713.2179204179,2091.384,0.03254228019054596
4115345954,79329.12595355288,241713.22893659864,2091.377,0.02195449840010015
4115442808,79329.1256554137,241713.25117231812,2091.31,0.034583232931581165
4115543306,79329.14804166007,241713.27371213026,2091.286,0.10273752965688829
4115640207,79329.14033108029,241713.28472852428,2091.251,0.03539774004085571
4115741625,79329.14003289182,241713.30696414132,2091.197,0.03268026927673638
4115842088,79329.14729614387,241713.32930108253,2091.163,0.05767148342118486
4115942303,79329.13958560942,241713.3403175706,2091.116,0.03047950130825634
4116042793,79329.1394366585,241713.35143566784,2091.051,0.04846648326421053
4116141634,79329.13898912346,241713.38478858396,2091.037,0.05177837386399847
4116242095,79329.15381395143,241713.4072271185,2090.987,0.07559100475585703
4116342553,79329.13083128362,241713.42915845197,2090.915,0.07103520254071216
4116443041,79329.12326978662,241713.4290570179,2090.91,0.0620403094769844
4116661103,79329.12312079089,241713.4401750248,2090.857,0.047968739820845825
4116675059,79329.13794550918,241713.46261333767,2090.836,0.0363868107973205
4116842225,79329.16018269095,241713.49627101887,2090.777,0.07259476565152614
4116939017,79329.15988440064,241713.51850643102,2090.75,0.09458329662260667
4117043512,79329.15988451046,241713.51850665174,2090.721,0.03862641583165593
4117142121,79329.15973540455,241713.52962443884,2090.697,0.034999999999999996
4117240743,79329.1520248096,241713.54064080399,2090.666,0.04234383071948026
4117343135,79329.15928796,241713.5629775375,2090.659,0.047244047244070865
4117441560,79329.13660354483,241713.56267338153,2090.624,0.047434164902525694
4117542022,79329.13660361308,241713.5626735175,2090.606,0.05994163828258283
4117640699,79329.12874374661,241713.58480733447,2090.595,0.06983552104767315
4117743002,79329.13600689659,241713.60714406893,2090.588,0.05353503525729669
4117840229,79329.14327028766,241713.62948128954,2090.517,0.03894868418830089
4117942510,79329.1358579721,241713.6182622211,2090.516,0.03114482300479487
4118041180,79329.12814728316,241713.6292783944,2090.51,0.035707142142714254
4118141633,79329.13526141409,241713.66273308918,2090.456,0.035411862419251545
4118238310,79329.1276998876,241713.66263159364,2090.459,0.017378147196982767
4118342431,79329.12013842864,241713.66253023222,2090.444,0.025573423705088843
4118441067,79329.12740175205,241713.684867315,2090.391,0.027928480087537882
4118541592,79329.1198401573,241713.68476568256,2090.412,0.06358458932791813
4118640768,79329.11984022523,241713.68476581853,2090.394,0.018627936010197157
4118741236,79329.1195419616,241713.70700128563,2090.36,0.024041630560342614
4118841706,79329.12680535672,241713.72933851648,2090.288,0.04388621651498338
4118941560,79329.1266562171,241713.74045623094,2090.273,0.014628738838327793
4119042689,79329.1266562171,241713.74045623094,2090.273,0.007681145747868608
4119141318,79329.12650713428,241713.75157406367,2090.243,0.012328828005937953
4119241787,79329.12650717197,241713.75157414097,2090.233,0.018466185312619388
4119342245,79329.12635804403,241713.7626918815,2090.215,0.04990991885387112
4119441821,79329.14133198775,241713.7740126541,2090.186,0.04115823125451336
4119540466,79329.14133198028,241713.7740126392,2090.188,0.023452078799117145
4119640926,79329.14859525816,241713.79634962976,2090.147,0.03640054944640259
4119742598,79329.16371827372,241713.79655254818,2090.151,0.06653570470055908
4119841223,79329.14844619806,241713.80746750813,2090.111,0.05651548460377917
4119943280,79329.16356916052,241713.80767032038,2090.129,0.041737273509418416
4120041963,79329.15585863452,241713.81868682243,2090.08,0.039319206502675
4120142420,79329.15570947586,241713.82980450056,2090.07,0.048104053883222773
4120241056,79329.15570953989,241713.82980463002,2090.053,0.02968164415931166
4120343549,79329.14829714906,241713.81858540978,2090.072,0.0382099463490856
4120441574,79329.15556051361,241713.84092257544,2090.008,0.03989987468652001
4120543890,79329.15511308753,241713.87427571323,2089.965,0.0662268827591938
4120642523,79329.15511315205,241713.8742758436,2089.948,0.047138094997570705
4120741376,79329.13999015119,241713.87407295592,2089.94,0.03348133808556641
4120840007,79329.14755180996,241713.87417471968,2089.902,0.04879549159502341
4120942311,79329.13213043282,241713.89620706998,2089.89,0.07327346040688948
4121044650,79329.13213048177,241713.8962071687,2089.877,0.03011644069275119
4121141747,79329.13183219537,241713.9184425883,2089.849,0.030951575081084325
4121241656,79329.13939382737,241713.91854429897,2089.818,0.032310988842807024
4121342133,79329.13939392562,241713.9185444964,2089.792,0.01833030277982336
4121440770,79329.12397262001,241713.94057699107,2089.761,0.019261360284258223
4121541608,79329.11626204483,241713.95159339532,2089.725,0.041303752856126766
4121642078,79329.12367455271,241713.96281285305,2089.675,0.03313608305156178
4121740705,79329.12367460916,241713.9628129676,2089.66,0.016031219541881397
4121843015,79329.13078861905,241713.99626741838,2089.638,0.053600373133029594
4121941433,79329.13093790204,241713.98514999077,2089.615,0.02118962010041709
4122043731,79329.14591188697,241713.9964708481,2089.575,0.04220189569201838
4122140596,79329.13820120608,241714.00748703815,2089.567,0.045552167895721495
4122241050,79329.13820127773,241714.00748718344,2089.548,0.018681541692269404
4122342002,79329.1456136833,241714.01870643348,2089.525,0.00458257569495584
4122442467,79329.15317519484,241714.01880790107,2089.526,0.033481338085566414
4122541097,79329.15302620265,241714.0299259154,2089.472,0.0194164878389476
4122643406,79329.15287712704,241714.04104376398,2089.44,0.011180339887498949
4122741979,79329.14531572135,241714.0409425106,2089.411,0.024166091947189144
4122842453,79329.14516654036,241714.05206014216,2089.407,0.026191601707417588
4122942906,79329.13730679547,241714.07419420313,2089.364,0.03176476034853718
4123041592,79329.14486848391,241714.07429602742,2089.318,0.013416407864998738
4123144552,79329.1524300406,241714.0743975863,2089.307,0.03943348830626071
4123241359,79329.13700881095,241714.09643023368,2089.256,0.04656178690729126
4123343658,79329.15198272771,241714.10775095224,2089.234,0.05323532661682465
4123439817,79329.13656142277,241714.12978344597,2089.203,0.051234753829797995
4123544893,79329.1289999608,241714.12968207896,2089.189,0.040865633483405106
4123641701,79329.1365616226,241714.1297838511,2089.15,0.017748239349298846
4123744018,79329.13641250927,241714.14090161957,2089.128,0.03238826948140329
4123842673,79329.13611425315,241714.1631371025,2089.092,0.022671568097509268
4123943170,79329.12855284773,241714.16303585097,2089.063,0.06294441992742486
4124041931,79329.1359652157,241714.17425502278,2089.05,0.022759613353482085
4124142390,79329.13566697807,241714.1964905439,2089.009,0.033
4124242251,79329.13581609471,241714.18537277915,2089.03,0.012206555615733704
4124344567,79329.14307942876,241714.20770988893,2088.974,0.03336165463522456
4124441526,79329.135368865,241714.2187263146,2088.935,0.02670205984563738
4124543831,79329.14278120275,241714.22994542867,2088.93,0.043703546766824315
4124642480,79329.1426320972,241714.24106321763,2088.906,0.025396850198400586
4124739276,79329.14233382177,241714.2632986568,2088.875,0.055308227236099336
4124841803,79329.15730767781,241714.27461925242,2088.869,0.08570880934886448
4124941635,79329.1495970731,241714.28563559707,2088.841,0.04649731175025068
4125042129,79329.14944806145,241714.29675357323,2088.792,0.046086874487211646
4125142608,79329.15700950447,241714.296854903,2088.811,0.026419689627245817
4125241534,79329.15686050087,241714.30797289498,2088.76,0.04863126566315131
4125342011,79329.1564129729,241714.34132582508,2088.744,0.09732933781753578
4125442485,79329.17183436449,241714.3192935083,2088.752,0.06845436436049933
4125542966,79329.15656222163,241714.33020832948,2088.73,0.04565084884205331
4125641988,79329.15671138035,241714.31909065135,2088.74,0.03672873534441391
4125741896,79329.1565622933,241714.33020847384,2088.711,0.022022715545545243
4125844206,79329.15641315778,241714.34132619854,2088.695,0.02596150997149434
4125940994,79329.16382541228,241714.35254514776,2088.712,0.07153320907103217
4126041938,79329.16367641628,241714.3636631556,2088.659,0.04141255848169731
4126142412,79329.16397477446,241714.34142788034,2088.668,0.03204684071792413
4126242880,79329.16367648392,241714.36366329156,2088.641,0.0625619692784682
4126343364,79329.17865043024,241714.3749840716,2088.611,0.05088221693283421
4126443704,79329.17108898709,241714.37488274276,2088.592,0.045661800227323496
4126542350,79329.16337836711,241714.38589905668,2088.568,0.06335613624582863
4126642854,79329.16337821636,241714.3858987512,2088.608,0.06637770710110436
4126741486,79329.16322915962,241714.39701663423,2088.571,0.06870953354520754
4126844364,79329.16308014104,241714.4081345955,2088.524,0.05141984052872976
4126943029,79329.17064161751,241714.40823599324,2088.534,0.07168681887209112
4127043523,79329.17049237249,241714.41935349815,2088.547,0.09007774419910836
4127142169,79329.15551861499,241714.40803309903,2088.527,0.049527769988159165
4127244516,79329.14810621743,241714.39681386296,2088.548,0.04217819341792629
4127341338,79329.15551863387,241714.40803313628,2088.522,0.04581484475582123
4127443630,79329.14810630398,241714.3968140371,2088.525,0.022759613353482082
4127542312,79329.14825548536,241714.38569640648,2088.529,0.019261360284258223
4127643681,79329.1331323539,241714.3854932515,2088.556,0.04598912915026768
4127742318,79329.14084309107,241714.37447717506,2088.549,0.024819347291981715
4127842767,79329.13343084791,241714.3632582482,2088.529,0.06490762667052309
4127942612,79329.14084311381,241714.3744772207,2088.543,0.02634387974463898
4128043089,79329.13328165574,241714.37437586207,2088.528,0.039924929555354254
4128143689,79329.12557099032,241714.38539208192,2088.516,0.04482186966202994
4128244172,79329.11830783029,241714.3630553251,2088.526,0.028495613697550014
4128342824,79329.11815878133,241714.37417322583,2088.487,0.028071337695236398
4128443335,79329.11830786424,241714.3630553931,2088.517,0.023537204591879638
4128542135,79329.11830792465,241714.36305551603,2088.501,0.04532107677449864
4128639403,79329.11059726312,241714.37407174427,2088.488,0.06824954212300623
4128743395,79329.10303571807,241714.37397020962,2088.496,0.03672873534441392
4128842510,79329.11074638357,241714.3629539879,2088.508,0.016031219541881397
4128941817,79329.10348323805,241714.3406172609,2088.514,0.05178802950489621
4129042772,79329.1034832494,241714.34061728418,2088.511,0.02846049894151541
4129143735,79329.10333416668,241714.3517351169,2088.481,0.029444863728670913
4129242849,79329.1033341024,241714.3517349856,2088.498,0.031160872901765765
4129342224,79329.08821113367,241714.35153216124,2088.482,0.039420806688854046
4129442524,79329.08821115241,241714.3515321985,2088.477,0.027748873851023217
4129543469,79329.08064964926,241714.3514307486,2088.474,0.02613426869074396
4129642568,79329.08064963778,241714.3514307253,2088.477,0.03802630668366309
4129743830,79329.05040368128,241714.35102503374,2088.45,0.05890670590009257
4129842957,79329.05070194493,241714.32878956944,2088.484,0.04828043081829324
4129940232,79329.03528072365,241714.3508222336,2088.431,0.012961481396815721
4130044835,79329.02786835207,241714.3396030469,2088.445,0.018357559750685818
4130142431,79329.02801750634,241714.3284853613,2088.456,0.04654030511288039
4130244625,79329.00548214703,241714.31706331484,2088.459,0.06665583245298194
4130343734,79328.99792060614,241714.31696178764,2088.466,0.042190046219457975
4130444680,79328.99020998599,241714.3279780997,2088.442,0.04516635916254486
4130542333,79328.98264842243,241714.32787652686,2088.455,0.043382023926967724
4130645106,79328.98264844116,241714.32787656412,2088.45,0.008602325267042627
4130744226,79328.97553437058,241714.29442199226,2088.488,0.047675989764240874
4130847004,79328.97553443085,241714.29442211427,2088.472,0.04387482193696061
4130944116,79328.96797285952,241714.29432052467,2088.487,0.01624807680927192
4131045080,79328.96041129215,241714.29421894532,2088.501,0.03398529093593286
4131142394,79328.95284986045,241714.29411763884,2088.479,0.015684387141358124
4131241513,79328.95344639447,241714.24964672234,2088.545,0.07273238618387273
4131342963,79328.94603399636,241714.2384274872,2088.566,0.08519389649499547
4131442078,79328.93877069902,241714.21609045658,2088.612,0.08543418519538885
4131543029,79328.93135834999,241714.2048713183,2088.62,0.04905099387372289
4131642131,79328.92394603082,241714.1936522415,2088.62,0.07744675590365294
4131743032,79328.91668279396,241714.17131533287,2088.65,0.09080748867797193
4131842145,79328.90155976429,241714.17111238278,2088.65,0.06315853069855251
4131943105,79328.89384913314,241714.18212867528,2088.629,0.02572936066053721
4132042260,79328.88628751245,241714.18202698696,2088.657,0.044283179650969055
4132143806,79328.87887529125,241714.1708081076,2088.631,0.08023091673413685
4132242918,79328.87131368592,241714.17070645187,2088.655,0.031064449134018134
4132343851,79328.85589248793,241714.1927391598,2088.596,0.01374772708486752
