(x,y,s,angle)
Profile_1
Alpha (1396.73560954603 634.985526549074,1320,27.88)
Beta (1226.82189164964 629.569949883054,1150,30.8)
AlMinus1SD (1466.62974100617 638.802557548799,1320,26.63)
AlMinus2SD (1546.5010827011 643.337838780688,1320,25.38)
AlPlus1SD (1326.77113747105 632.755583216007,1320,29.13)


Profile_2
Alpha (1319.76026062566 468.79371141217,1240,29.2)
Beta (1141.07280415655 490.49147398342,1060,32.04)
AlMinus1SD (1387.75028847465 453.011731096508,1240,27.95)
AlMinus2SD (1454.98536862797 433.532408809098,1240,26.7)
AlPlus1SD (1240.34361330606 478.437161443837,1240,30.45)
