#Data contains: GPS time of week of the navigation epoch (ms),UTC [year:month:day:minute:second],fix Type[0-5],longitude[deg],latitude[deg],height[mm],rising edge sync signal,Temp[°C]#,height[m]
205316300,2021:03:16:09:01:38,3,11.3832104,47.3122362,2322364,1,6.31,2322.364
205316400,2021:03:16:09:01:38,3,11.3832102,47.3122361,2322345,1,6.31,2322.345
205316500,2021:03:16:09:01:38,3,11.3832102,47.3122361,2322339,1,6.31,2322.339
205316600,2021:03:16:09:01:38,3,11.3832102,47.3122361,2322320,0,6.31,2322.32
205316700,2021:03:16:09:01:38,3,11.3832101,47.312236,2322312,0,6.31,2322.312
205316800,2021:03:16:09:01:38,3,11.3832102,47.312236,2322302,0,6.31,2322.302
205316900,2021:03:16:09:01:38,3,11.3832103,47.3122361,2322290,0,6.31,2322.29
205317000,2021:03:16:09:01:39,3,11.3832102,47.3122361,2322298,0,6.31,2322.298
205317100,2021:03:16:09:01:39,3,11.3832101,47.312236,2322276,0,6.31,2322.276
205317200,2021:03:16:09:01:39,3,11.3832101,47.3122361,2322270,0,6.31,2322.27
205317300,2021:03:16:09:01:39,3,11.3832102,47.3122361,2322259,0,6.31,2322.259
205317400,2021:03:16:09:01:39,3,11.3832101,47.312236,2322265,0,6.31,2322.265
205317500,2021:03:16:09:01:39,3,11.38321,47.312236,2322239,0,6.31,2322.239
205317600,2021:03:16:09:01:39,3,11.3832101,47.312236,2322241,1,6.31,2322.241
205317700,2021:03:16:09:01:39,3,11.3832101,47.3122361,2322247,1,6.31,2322.247
205317800,2021:03:16:09:01:39,3,11.38321,47.3122361,2322242,1,6.31,2322.242
205317900,2021:03:16:09:01:39,3,11.3832099,47.3122359,2322239,1,6.31,2322.239
205318000,2021:03:16:09:01:40,3,11.3832099,47.312236,2322244,1,6.31,2322.244
205318100,2021:03:16:09:01:40,3,11.3832098,47.3122359,2322235,1,6.31,2322.235
205318200,2021:03:16:09:01:40,3,11.3832099,47.3122359,2322239,1,6.31,2322.239
205318300,2021:03:16:09:01:40,3,11.3832098,47.3122359,2322229,1,6.31,2322.229
205318400,2021:03:16:09:01:40,3,11.3832097,47.3122358,2322225,1,6.31,2322.225
205318500,2021:03:16:09:01:40,3,11.3832096,47.3122357,2322208,1,6.31,2322.208
205318600,2021:03:16:09:01:40,3,11.3832095,47.3122358,2322210,0,6.31,2322.21
205318700,2021:03:16:09:01:40,3,11.3832094,47.3122357,2322211,0,6.31,2322.211
205318800,2021:03:16:09:01:40,3,11.3832094,47.3122357,2322210,0,6.31,2322.21
205318900,2021:03:16:09:01:40,3,11.3832093,47.3122357,2322209,0,6.31,2322.209
205319000,2021:03:16:09:01:41,3,11.3832092,47.3122356,2322188,0,6.25,2322.188
205319100,2021:03:16:09:01:41,3,11.3832093,47.3122355,2322183,0,6.25,2322.183
205319200,2021:03:16:09:01:41,3,11.3832092,47.3122355,2322158,0,6.25,2322.158
205319300,2021:03:16:09:01:41,3,11.3832092,47.3122355,2322166,0,6.25,2322.166
205319400,2021:03:16:09:01:41,3,11.3832091,47.3122354,2322153,0,6.25,2322.153
205319500,2021:03:16:09:01:41,3,11.3832091,47.3122354,2322135,0,6.25,2322.135
205319600,2021:03:16:09:01:41,3,11.383209,47.3122354,2322125,1,6.25,2322.125
205319700,2021:03:16:09:01:41,3,11.3832089,47.3122353,2322136,1,6.25,2322.136
205319800,2021:03:16:09:01:41,3,11.3832089,47.3122353,2322129,1,6.25,2322.129
205319900,2021:03:16:09:01:41,3,11.3832089,47.3122353,2322134,1,6.25,2322.134
205320000,2021:03:16:09:01:42,3,11.3832088,47.3122353,2322126,1,6.25,2322.126
205320100,2021:03:16:09:01:42,3,11.3832088,47.3122352,2322121,1,6.25,2322.121
205320200,2021:03:16:09:01:42,3,11.3832088,47.3122352,2322119,1,6.25,2322.119
205320300,2021:03:16:09:01:42,3,11.3832087,47.3122351,2322121,1,6.25,2322.121
205320400,2021:03:16:09:01:42,3,11.3832086,47.3122351,2322102,1,6.25,2322.102
205320500,2021:03:16:09:01:42,3,11.3832085,47.312235,2322104,1,6.25,2322.104
205320600,2021:03:16:09:01:42,3,11.3832085,47.312235,2322105,0,6.25,2322.105
205320700,2021:03:16:09:01:42,3,11.3832085,47.3122351,2322097,0,6.25,2322.097
205320800,2021:03:16:09:01:42,3,11.3832085,47.312235,2322098,0,6.25,2322.098
205320900,2021:03:16:09:01:42,3,11.3832084,47.3122351,2322108,0,6.25,2322.108
205321000,2021:03:16:09:01:43,3,11.3832084,47.3122349,2322087,0,6.25,2322.087
205321100,2021:03:16:09:01:43,3,11.3832084,47.312235,2322102,0,6.25,2322.102
205321200,2021:03:16:09:01:43,3,11.3832083,47.3122349,2322101,0,6.25,2322.101
205321300,2021:03:16:09:01:43,3,11.3832084,47.312235,2322097,0,6.25,2322.097
205321400,2021:03:16:09:01:43,3,11.3832084,47.3122349,2322102,0,6.25,2322.102
205321500,2021:03:16:09:01:43,3,11.3832084,47.3122349,2322111,0,6.25,2322.111
205321600,2021:03:16:09:01:43,3,11.3832085,47.3122349,2322099,1,6.25,2322.099
205321700,2021:03:16:09:01:43,3,11.3832085,47.312235,2322084,1,6.25,2322.084
205321800,2021:03:16:09:01:43,3,11.3832084,47.3122349,2322083,1,6.25,2322.083
205321900,2021:03:16:09:01:43,3,11.3832084,47.3122349,2322054,1,6.25,2322.054
205322000,2021:03:16:09:01:44,3,11.3832084,47.3122349,2322041,1,6.25,2322.041
205322100,2021:03:16:09:01:44,3,11.3832085,47.3122349,2322062,1,6.25,2322.062
205322200,2021:03:16:09:01:44,3,11.3832085,47.3122348,2322026,1,6.25,2322.026
205322300,2021:03:16:09:01:44,3,11.3832084,47.3122347,2322009,1,6.25,2322.009
205322400,2021:03:16:09:01:44,3,11.3832083,47.3122346,2322005,1,6.25,2322.005
205322500,2021:03:16:09:01:44,3,11.3832083,47.3122346,2322006,1,6.25,2322.006
205322600,2021:03:16:09:01:44,3,11.3832083,47.3122346,2321992,0,6.25,2321.992
205322700,2021:03:16:09:01:44,3,11.3832083,47.3122346,2321985,0,6.25,2321.985
205322800,2021:03:16:09:01:44,3,11.3832083,47.3122345,2321976,0,6.25,2321.976
205322900,2021:03:16:09:01:44,3,11.3832083,47.3122345,2321966,0,6.25,2321.966
205323000,2021:03:16:09:01:45,3,11.3832083,47.3122345,2321943,0,6.25,2321.943
205323100,2021:03:16:09:01:45,3,11.3832083,47.3122345,2321945,0,6.25,2321.945
205323200,2021:03:16:09:01:45,3,11.3832083,47.3122346,2321931,0,6.25,2321.931
205323300,2021:03:16:09:01:45,3,11.3832083,47.3122346,2321929,0,6.25,2321.929
205323400,2021:03:16:09:01:45,3,11.3832084,47.3122346,2321937,0,6.25,2321.937
205323500,2021:03:16:09:01:45,3,11.3832084,47.3122347,2321905,0,6.25,2321.905
205323600,2021:03:16:09:01:45,3,11.3832084,47.3122346,2321893,1,6.25,2321.893
205323700,2021:03:16:09:01:45,3,11.3832084,47.3122346,2321892,1,6.25,2321.892
205323800,2021:03:16:09:01:45,3,11.3832085,47.3122346,2321876,1,6.25,2321.876
205323900,2021:03:16:09:01:45,3,11.3832084,47.3122347,2321859,1,6.25,2321.859
205324000,2021:03:16:09:01:46,3,11.3832085,47.3122346,2321869,1,6.25,2321.869
205324100,2021:03:16:09:01:46,3,11.3832086,47.3122347,2321845,1,6.25,2321.845
205324200,2021:03:16:09:01:46,3,11.3832086,47.3122347,2321843,1,6.25,2321.843
205324300,2021:03:16:09:01:46,3,11.3832086,47.3122348,2321850,1,6.25,2321.85
205324400,2021:03:16:09:01:46,3,11.3832087,47.3122348,2321851,1,6.25,2321.851
205324500,2021:03:16:09:01:46,3,11.3832088,47.3122349,2321847,1,6.25,2321.847
205324600,2021:03:16:09:01:46,3,11.3832088,47.3122349,2321856,0,6.25,2321.856
205324700,2021:03:16:09:01:46,3,11.3832088,47.312235,2321858,0,6.25,2321.858
205324800,2021:03:16:09:01:46,3,11.3832088,47.3122351,2321842,0,6.25,2321.842
205324900,2021:03:16:09:01:46,3,11.3832089,47.3122351,2321814,0,6.25,2321.814
205325000,2021:03:16:09:01:47,3,11.383209,47.3122351,2321811,0,6.25,2321.811
205325100,2021:03:16:09:01:47,3,11.3832088,47.3122352,2321792,0,6.25,2321.792
205325200,2021:03:16:09:01:47,3,11.3832089,47.3122352,2321793,0,6.25,2321.793
205325300,2021:03:16:09:01:47,3,11.3832088,47.3122353,2321791,0,6.25,2321.791
205325400,2021:03:16:09:01:47,3,11.3832088,47.3122352,2321769,0,6.25,2321.769
205325500,2021:03:16:09:01:47,3,11.3832089,47.3122352,2321741,0,6.25,2321.741
205325600,2021:03:16:09:01:47,3,11.3832089,47.3122353,2321731,1,6.25,2321.731
205325700,2021:03:16:09:01:47,3,11.3832088,47.3122352,2321714,1,6.25,2321.714
205325800,2021:03:16:09:01:47,3,11.3832088,47.3122352,2321703,1,6.25,2321.703
205325900,2021:03:16:09:01:47,3,11.3832088,47.3122352,2321664,1,6.25,2321.664
205326000,2021:03:16:09:01:48,3,11.3832088,47.3122353,2321636,1,6.25,2321.636
205326100,2021:03:16:09:01:48,3,11.3832088,47.3122354,2321609,1,6.25,2321.609
205326200,2021:03:16:09:01:48,3,11.3832087,47.3122354,2321594,1,6.25,2321.594
205326300,2021:03:16:09:01:48,3,11.3832087,47.3122355,2321585,1,6.25,2321.585
205326400,2021:03:16:09:01:48,3,11.3832087,47.3122355,2321542,1,6.25,2321.542
205326500,2021:03:16:09:01:48,3,11.3832087,47.3122355,2321551,1,6.19,2321.551
205326600,2021:03:16:09:01:48,3,11.3832087,47.3122356,2321542,0,6.19,2321.542
205326700,2021:03:16:09:01:48,3,11.3832087,47.3122356,2321541,0,6.19,2321.541
205326800,2021:03:16:09:01:48,3,11.3832088,47.3122356,2321556,0,6.19,2321.556
205326900,2021:03:16:09:01:48,3,11.3832088,47.3122357,2321540,0,6.19,2321.54
205327000,2021:03:16:09:01:49,3,11.3832087,47.3122358,2321542,0,6.19,2321.542
205327100,2021:03:16:09:01:49,3,11.3832087,47.3122358,2321528,0,6.19,2321.528
205327200,2021:03:16:09:01:49,3,11.3832087,47.3122358,2321520,0,6.19,2321.52
205327300,2021:03:16:09:01:49,3,11.3832086,47.3122358,2321491,0,6.19,2321.491
205327400,2021:03:16:09:01:49,3,11.3832086,47.3122358,2321461,0,6.19,2321.461
205327500,2021:03:16:09:01:49,3,11.3832086,47.3122358,2321452,0,6.19,2321.452
205327600,2021:03:16:09:01:49,3,11.3832084,47.3122358,2321433,1,6.19,2321.433
205327700,2021:03:16:09:01:49,3,11.3832084,47.3122358,2321400,1,6.19,2321.4
205327800,2021:03:16:09:01:49,3,11.3832084,47.3122358,2321370,1,6.19,2321.37
205327900,2021:03:16:09:01:49,3,11.3832083,47.3122357,2321346,1,6.19,2321.346
205328000,2021:03:16:09:01:50,3,11.3832083,47.3122357,2321324,1,6.12,2321.324
205328100,2021:03:16:09:01:50,3,11.3832084,47.3122357,2321293,1,6.12,2321.293
205328200,2021:03:16:09:01:50,3,11.3832084,47.3122357,2321286,1,6.12,2321.286
205328300,2021:03:16:09:01:50,3,11.3832084,47.3122357,2321266,1,6.12,2321.266
205328400,2021:03:16:09:01:50,3,11.3832085,47.3122357,2321244,1,6.12,2321.244
205328500,2021:03:16:09:01:50,3,11.3832084,47.3122357,2321231,1,6.12,2321.231
205328600,2021:03:16:09:01:50,3,11.3832084,47.3122357,2321212,0,6.12,2321.212
205328700,2021:03:16:09:01:50,3,11.3832084,47.3122357,2321193,0,6.12,2321.193
205328800,2021:03:16:09:01:50,3,11.3832085,47.3122357,2321163,0,6.12,2321.163
205328900,2021:03:16:09:01:50,3,11.3832085,47.3122358,2321162,0,6.12,2321.162
205329000,2021:03:16:09:01:51,3,11.3832084,47.3122358,2321137,0,6.12,2321.137
205329100,2021:03:16:09:01:51,3,11.3832084,47.3122358,2321120,0,6.12,2321.12
205329200,2021:03:16:09:01:51,3,11.3832084,47.3122358,2321102,0,6.12,2321.102
205329300,2021:03:16:09:01:51,3,11.3832084,47.3122358,2321097,0,6.12,2321.097
205329400,2021:03:16:09:01:51,3,11.3832083,47.3122358,2321076,0,6.12,2321.076
205329500,2021:03:16:09:01:51,3,11.3832084,47.3122358,2321086,0,6.06,2321.086
205329600,2021:03:16:09:01:51,3,11.3832083,47.3122359,2321048,1,6.06,2321.048
205329700,2021:03:16:09:01:51,3,11.3832082,47.3122358,2321035,1,6.06,2321.035
205329800,2021:03:16:09:01:51,3,11.3832083,47.3122358,2321049,1,6.06,2321.049
205329900,2021:03:16:09:01:51,3,11.3832083,47.3122358,2321029,1,6.06,2321.029
205330000,2021:03:16:09:01:52,3,11.3832082,47.3122358,2321005,1,6.06,2321.005
205330100,2021:03:16:09:01:52,3,11.3832081,47.3122357,2321013,1,6.06,2321.013
205330200,2021:03:16:09:01:52,3,11.383208,47.3122356,2320992,1,6.06,2320.992
205330300,2021:03:16:09:01:52,3,11.3832078,47.3122356,2320986,1,6.06,2320.986
205330400,2021:03:16:09:01:52,3,11.3832079,47.3122356,2320999,1,6.06,2320.999
205330500,2021:03:16:09:01:52,3,11.3832077,47.3122355,2320981,1,6.06,2320.981
205330600,2021:03:16:09:01:52,3,11.3832075,47.3122355,2320981,0,6.06,2320.981
205330700,2021:03:16:09:01:52,3,11.3832071,47.3122355,2320994,0,6.06,2320.994
205330800,2021:03:16:09:01:52,3,11.3832066,47.3122355,2321013,0,6.06,2321.013
205330900,2021:03:16:09:01:52,3,11.3832063,47.3122354,2321016,0,6.06,2321.016
205331000,2021:03:16:09:01:53,3,11.3832065,47.3122353,2321032,0,6.06,2321.032
205331100,2021:03:16:09:01:53,3,11.3832065,47.3122349,2321027,0,6.06,2321.027
205331200,2021:03:16:09:01:53,3,11.3832069,47.3122347,2321038,0,6.06,2321.038
205331300,2021:03:16:09:01:53,3,11.3832067,47.312235,2321021,0,6.06,2321.021
205331400,2021:03:16:09:01:53,3,11.3832066,47.3122351,2320978,0,6.06,2320.978
205331500,2021:03:16:09:01:53,3,11.3832066,47.3122351,2320976,0,6.06,2320.976
205331600,2021:03:16:09:01:53,3,11.3832065,47.3122351,2320977,1,6.06,2320.977
205331700,2021:03:16:09:01:53,3,11.3832065,47.3122352,2320975,1,6.06,2320.975
205331800,2021:03:16:09:01:53,3,11.3832064,47.3122353,2320947,1,6.06,2320.947
205331900,2021:03:16:09:01:53,3,11.3832063,47.3122353,2320917,1,6.06,2320.917
205332000,2021:03:16:09:01:54,3,11.3832063,47.3122352,2320922,1,6.06,2320.922
205332100,2021:03:16:09:01:54,3,11.3832062,47.3122353,2320916,1,6.06,2320.916
205332200,2021:03:16:09:01:54,3,11.3832062,47.3122354,2320930,1,6.06,2320.93
205332300,2021:03:16:09:01:54,3,11.3832062,47.3122355,2320946,1,6.06,2320.946
205332400,2021:03:16:09:01:54,3,11.3832061,47.3122355,2320943,1,6.06,2320.943
205332500,2021:03:16:09:01:54,3,11.3832059,47.3122355,2320917,1,6.06,2320.917
205332600,2021:03:16:09:01:54,3,11.3832058,47.3122355,2320922,0,6.06,2320.922
205332700,2021:03:16:09:01:54,3,11.3832058,47.3122356,2320923,0,6.06,2320.923
205332800,2021:03:16:09:01:54,3,11.3832058,47.3122357,2320929,0,6.06,2320.929
205332900,2021:03:16:09:01:54,3,11.3832056,47.3122356,2320909,0,6.06,2320.909
205333000,2021:03:16:09:01:55,3,11.3832056,47.3122358,2320895,0,6.06,2320.895
205333100,2021:03:16:09:01:55,3,11.3832056,47.3122359,2320901,0,6.06,2320.901
205333200,2021:03:16:09:01:55,3,11.3832053,47.3122359,2320882,0,6.06,2320.882
205333300,2021:03:16:09:01:55,3,11.3832053,47.3122359,2320867,0,6.06,2320.867
205333400,2021:03:16:09:01:55,3,11.3832053,47.312236,2320858,0,6.06,2320.858
205333500,2021:03:16:09:01:55,3,11.3832052,47.312236,2320858,0,6.06,2320.858
205333600,2021:03:16:09:01:55,3,11.3832051,47.3122361,2320859,1,6.06,2320.859
205333700,2021:03:16:09:01:55,3,11.3832051,47.3122361,2320814,1,6.06,2320.814
205333800,2021:03:16:09:01:55,3,11.383205,47.3122362,2320833,1,6.06,2320.833
205333900,2021:03:16:09:01:55,3,11.3832048,47.3122363,2320820,1,6.06,2320.82
205334000,2021:03:16:09:01:56,3,11.3832048,47.3122363,2320809,1,6.06,2320.809
205334100,2021:03:16:09:01:56,3,11.3832047,47.3122364,2320793,1,6.06,2320.793
205334200,2021:03:16:09:01:56,3,11.3832046,47.3122365,2320812,1,6.06,2320.812
205334300,2021:03:16:09:01:56,3,11.3832046,47.3122366,2320790,1,6.06,2320.79
205334400,2021:03:16:09:01:56,3,11.3832047,47.3122368,2320797,1,6.06,2320.797
205334500,2021:03:16:09:01:56,3,11.3832046,47.3122369,2320792,1,6.06,2320.792
205334600,2021:03:16:09:01:56,3,11.3832045,47.312237,2320789,0,6.06,2320.789
205334700,2021:03:16:09:01:56,3,11.3832045,47.3122371,2320798,0,6.06,2320.798
205334800,2021:03:16:09:01:56,3,11.3832046,47.3122372,2320783,0,6.06,2320.783
205334900,2021:03:16:09:01:56,3,11.3832047,47.3122373,2320803,0,6.06,2320.803
205335000,2021:03:16:09:01:57,3,11.3832047,47.3122374,2320789,0,6.06,2320.789
205335100,2021:03:16:09:01:57,3,11.3832046,47.3122375,2320773,0,6.06,2320.773
205335200,2021:03:16:09:01:57,3,11.3832046,47.3122376,2320780,0,6.06,2320.78
205335300,2021:03:16:09:01:57,3,11.3832044,47.3122376,2320765,0,6.06,2320.765
205335400,2021:03:16:09:01:57,3,11.3832045,47.3122377,2320764,0,6.06,2320.764
205335500,2021:03:16:09:01:57,3,11.3832044,47.3122377,2320743,0,6.06,2320.743
205335600,2021:03:16:09:01:57,3,11.3832044,47.3122377,2320738,1,6.06,2320.738
205335700,2021:03:16:09:01:57,3,11.3832043,47.3122378,2320730,1,6.06,2320.73
205335800,2021:03:16:09:01:57,3,11.3832043,47.3122379,2320727,1,6.06,2320.727
205335900,2021:03:16:09:01:57,3,11.3832042,47.3122379,2320722,1,6.06,2320.722
205336000,2021:03:16:09:01:58,3,11.3832042,47.312238,2320702,1,6.06,2320.702
205336100,2021:03:16:09:01:58,3,11.3832041,47.312238,2320694,1,6.06,2320.694
205336200,2021:03:16:09:01:58,3,11.383204,47.312238,2320684,1,6.06,2320.684
205336300,2021:03:16:09:01:58,3,11.383204,47.3122381,2320683,1,6.06,2320.683
205336400,2021:03:16:09:01:58,3,11.3832038,47.3122381,2320667,1,6.06,2320.667
205336500,2021:03:16:09:01:58,3,11.3832037,47.3122382,2320650,1,6.06,2320.65
205336600,2021:03:16:09:01:58,3,11.3832038,47.3122381,2320658,0,6.06,2320.658
205336700,2021:03:16:09:01:58,3,11.3832037,47.3122383,2320636,0,6.06,2320.636
205336800,2021:03:16:09:01:58,3,11.3832037,47.3122383,2320627,0,6.06,2320.627
205336900,2021:03:16:09:01:58,3,11.3832037,47.3122384,2320622,0,6.06,2320.622
205337000,2021:03:16:09:01:59,3,11.3832035,47.3122383,2320612,0,6.06,2320.612
205337100,2021:03:16:09:01:59,3,11.3832034,47.3122384,2320621,0,6.06,2320.621
205337200,2021:03:16:09:01:59,3,11.3832034,47.3122385,2320609,0,6.06,2320.609
205337300,2021:03:16:09:01:59,3,11.3832034,47.3122385,2320610,0,6.06,2320.61
205337400,2021:03:16:09:01:59,3,11.3832032,47.3122386,2320604,0,6.06,2320.604
205337500,2021:03:16:09:01:59,3,11.3832032,47.3122386,2320607,0,6.06,2320.607
205337600,2021:03:16:09:01:59,3,11.3832032,47.3122387,2320613,1,6.06,2320.613
205337700,2021:03:16:09:01:59,3,11.3832031,47.3122387,2320595,1,6.0,2320.595
205337800,2021:03:16:09:01:59,3,11.383203,47.3122387,2320588,1,6.0,2320.588
205337900,2021:03:16:09:01:59,3,11.383203,47.3122388,2320588,1,6.0,2320.588
205338000,2021:03:16:09:02:00,3,11.3832029,47.3122388,2320578,1,6.0,2320.578
205338100,2021:03:16:09:02:00,3,11.3832029,47.3122389,2320577,1,6.0,2320.577
205338200,2021:03:16:09:02:00,3,11.383203,47.312239,2320581,1,6.0,2320.581
205338300,2021:03:16:09:02:00,3,11.3832028,47.312239,2320575,1,6.0,2320.575
205338400,2021:03:16:09:02:00,3,11.3832029,47.312239,2320583,1,6.0,2320.583
205338500,2021:03:16:09:02:00,3,11.3832029,47.3122392,2320578,1,6.0,2320.578
205338600,2021:03:16:09:02:00,3,11.3832028,47.3122391,2320568,0,6.0,2320.568
205338700,2021:03:16:09:02:00,3,11.3832026,47.3122391,2320572,0,6.0,2320.572
205338800,2021:03:16:09:02:00,3,11.3832027,47.3122392,2320559,0,6.0,2320.559
205338900,2021:03:16:09:02:00,3,11.3832027,47.3122392,2320567,0,6.0,2320.567
205339000,2021:03:16:09:02:01,3,11.3832027,47.3122393,2320582,0,6.0,2320.582
205339100,2021:03:16:09:02:01,3,11.3832027,47.3122393,2320579,0,6.0,2320.579
205339200,2021:03:16:09:02:01,3,11.3832027,47.3122394,2320576,0,6.0,2320.576
205339300,2021:03:16:09:02:01,3,11.3832026,47.3122395,2320571,0,6.0,2320.571
205339400,2021:03:16:09:02:01,3,11.3832025,47.3122395,2320552,0,6.0,2320.552
205339500,2021:03:16:09:02:01,3,11.3832025,47.3122395,2320563,0,6.0,2320.563
205339600,2021:03:16:09:02:01,3,11.3832026,47.3122396,2320562,1,6.0,2320.562
205339700,2021:03:16:09:02:01,3,11.3832026,47.3122397,2320573,1,6.0,2320.573
205339800,2021:03:16:09:02:01,3,11.3832026,47.3122397,2320563,1,6.0,2320.563
205339900,2021:03:16:09:02:01,3,11.3832026,47.3122398,2320574,1,6.0,2320.574
205340000,2021:03:16:09:02:02,3,11.3832025,47.3122398,2320578,1,6.0,2320.578
205340100,2021:03:16:09:02:02,3,11.3832025,47.3122398,2320571,1,6.0,2320.571
205340200,2021:03:16:09:02:02,3,11.3832024,47.3122399,2320560,1,6.0,2320.56
205340300,2021:03:16:09:02:02,3,11.3832024,47.3122399,2320570,1,6.0,2320.57
205340400,2021:03:16:09:02:02,3,11.3832023,47.3122399,2320557,1,6.0,2320.557
205340500,2021:03:16:09:02:02,3,11.3832022,47.31224,2320578,1,6.0,2320.578
205340600,2021:03:16:09:02:02,3,11.3832022,47.3122401,2320559,0,6.0,2320.559
205340700,2021:03:16:09:02:02,3,11.3832022,47.3122401,2320553,0,6.0,2320.553
205340800,2021:03:16:09:02:02,3,11.3832022,47.3122401,2320559,0,6.0,2320.559
205340900,2021:03:16:09:02:02,3,11.3832023,47.3122403,2320578,0,6.0,2320.578
205341000,2021:03:16:09:02:03,3,11.3832022,47.3122404,2320574,0,6.0,2320.574
205341100,2021:03:16:09:02:03,3,11.3832021,47.3122405,2320568,0,6.0,2320.568
205341200,2021:03:16:09:02:03,3,11.3832022,47.3122405,2320585,0,6.0,2320.585
205341300,2021:03:16:09:02:03,3,11.3832021,47.3122406,2320595,0,6.0,2320.595
205341400,2021:03:16:09:02:03,3,11.3832022,47.3122407,2320594,0,6.0,2320.594
205341500,2021:03:16:09:02:03,3,11.3832022,47.3122408,2320609,0,6.0,2320.609
205341600,2021:03:16:09:02:03,3,11.3832022,47.3122408,2320607,1,6.0,2320.607
205341700,2021:03:16:09:02:03,3,11.383202,47.3122409,2320603,1,6.0,2320.603
205341800,2021:03:16:09:02:03,3,11.383202,47.3122409,2320598,1,6.0,2320.598
205341900,2021:03:16:09:02:03,3,11.383202,47.3122409,2320610,1,6.0,2320.61
205342000,2021:03:16:09:02:04,3,11.3832021,47.312241,2320623,1,6.0,2320.623
205342100,2021:03:16:09:02:04,3,11.383202,47.312241,2320617,1,6.0,2320.617
205342200,2021:03:16:09:02:04,3,11.383202,47.3122411,2320650,1,6.0,2320.65
205342300,2021:03:16:09:02:04,3,11.3832021,47.3122412,2320664,1,6.0,2320.664
205342400,2021:03:16:09:02:04,3,11.3832019,47.3122412,2320658,1,6.0,2320.658
205342500,2021:03:16:09:02:04,3,11.3832019,47.3122412,2320648,1,6.0,2320.648
205342600,2021:03:16:09:02:04,3,11.383202,47.3122414,2320672,0,6.0,2320.672
205342700,2021:03:16:09:02:04,3,11.383202,47.3122414,2320682,0,6.0,2320.682
205342800,2021:03:16:09:02:04,3,11.3832019,47.3122414,2320671,0,6.0,2320.671
205342900,2021:03:16:09:02:04,3,11.3832019,47.3122414,2320702,0,6.0,2320.702
205343000,2021:03:16:09:02:05,3,11.383202,47.3122415,2320711,0,6.0,2320.711
205343100,2021:03:16:09:02:05,3,11.3832021,47.3122416,2320709,0,6.0,2320.709
205343200,2021:03:16:09:02:05,3,11.383202,47.3122416,2320699,0,6.0,2320.699
205343300,2021:03:16:09:02:05,3,11.383202,47.3122417,2320705,0,6.0,2320.705
205343400,2021:03:16:09:02:05,3,11.383202,47.3122417,2320695,0,6.0,2320.695
205343500,2021:03:16:09:02:05,3,11.383202,47.3122417,2320718,0,6.0,2320.718
205343600,2021:03:16:09:02:05,3,11.3832019,47.3122418,2320706,1,6.0,2320.706
205343700,2021:03:16:09:02:05,3,11.383202,47.3122418,2320713,1,6.0,2320.713
205343800,2021:03:16:09:02:05,3,11.3832019,47.3122418,2320692,1,6.0,2320.692
205343900,2021:03:16:09:02:05,3,11.3832019,47.3122419,2320700,1,6.0,2320.7
205344000,2021:03:16:09:02:06,3,11.3832018,47.3122418,2320704,1,6.0,2320.704
205344100,2021:03:16:09:02:06,3,11.3832018,47.3122419,2320694,1,6.0,2320.694
205344200,2021:03:16:09:02:06,3,11.3832018,47.3122419,2320692,1,6.0,2320.692
205344300,2021:03:16:09:02:06,3,11.3832018,47.312242,2320701,1,6.0,2320.701
205344400,2021:03:16:09:02:06,3,11.3832018,47.3122421,2320712,1,6.0,2320.712
205344500,2021:03:16:09:02:06,3,11.3832018,47.3122421,2320702,1,6.0,2320.702
205344600,2021:03:16:09:02:06,3,11.3832018,47.3122421,2320714,0,6.0,2320.714
205344700,2021:03:16:09:02:06,3,11.3832017,47.312242,2320707,0,6.0,2320.707
205344800,2021:03:16:09:02:06,3,11.3832017,47.3122422,2320711,0,6.0,2320.711
205344900,2021:03:16:09:02:06,3,11.3832016,47.3122421,2320703,0,6.0,2320.703
205345000,2021:03:16:09:02:07,3,11.3832015,47.3122422,2320695,0,6.0,2320.695
205345100,2021:03:16:09:02:07,3,11.3832016,47.3122422,2320697,0,6.0,2320.697
205345200,2021:03:16:09:02:07,3,11.3832016,47.3122421,2320694,0,6.0,2320.694
205345300,2021:03:16:09:02:07,3,11.3832015,47.3122422,2320695,0,6.0,2320.695
205345400,2021:03:16:09:02:07,3,11.3832015,47.3122422,2320696,0,6.0,2320.696
205345500,2021:03:16:09:02:07,3,11.3832014,47.3122422,2320712,0,6.0,2320.712
205345600,2021:03:16:09:02:07,3,11.3832014,47.3122423,2320721,1,6.0,2320.721
205345700,2021:03:16:09:02:07,3,11.3832013,47.3122423,2320716,1,6.0,2320.716
205345800,2021:03:16:09:02:07,3,11.3832012,47.3122423,2320725,1,6.0,2320.725
205345900,2021:03:16:09:02:07,3,11.3832012,47.3122424,2320734,1,6.0,2320.734
205346000,2021:03:16:09:02:08,3,11.3832007,47.3122426,2320724,1,6.0,2320.724
205346100,2021:03:16:09:02:08,3,11.3832003,47.312243,2320706,1,6.0,2320.706
205346200,2021:03:16:09:02:08,3,11.3832001,47.3122434,2320694,1,6.0,2320.694
205346300,2021:03:16:09:02:08,3,11.3831996,47.3122436,2320682,1,6.0,2320.682
205346400,2021:03:16:09:02:08,3,11.383199,47.3122433,2320647,1,6.0,2320.647
205346500,2021:03:16:09:02:08,3,11.3831988,47.3122434,2320635,1,6.0,2320.635
205346600,2021:03:16:09:02:08,3,11.3831986,47.3122433,2320627,0,6.0,2320.627
205346700,2021:03:16:09:02:08,3,11.3831985,47.3122431,2320584,0,6.0,2320.584
205346800,2021:03:16:09:02:08,3,11.383198,47.3122432,2320581,0,6.0,2320.581
205346900,2021:03:16:09:02:08,3,11.3831982,47.3122431,2320535,0,6.0,2320.535
205347000,2021:03:16:09:02:09,3,11.3831984,47.3122431,2320523,0,6.0,2320.523
205347100,2021:03:16:09:02:09,3,11.3831984,47.3122429,2320552,0,6.0,2320.552
205347200,2021:03:16:09:02:09,3,11.3831985,47.3122429,2320582,0,6.0,2320.582
205347300,2021:03:16:09:02:09,3,11.3831989,47.312243,2320575,0,6.0,2320.575
205347400,2021:03:16:09:02:09,3,11.3831991,47.3122429,2320594,0,6.0,2320.594
205347500,2021:03:16:09:02:09,3,11.3831994,47.3122429,2320613,0,6.0,2320.613
205347600,2021:03:16:09:02:09,3,11.3831996,47.3122429,2320646,1,6.0,2320.646
205347700,2021:03:16:09:02:09,3,11.3831995,47.3122427,2320662,1,6.0,2320.662
205347800,2021:03:16:09:02:09,3,11.3831995,47.3122428,2320647,1,6.0,2320.647
205347900,2021:03:16:09:02:09,3,11.3831994,47.3122431,2320658,1,6.0,2320.658
205348000,2021:03:16:09:02:10,3,11.3831993,47.312243,2320650,1,6.0,2320.65
205348100,2021:03:16:09:02:10,3,11.3831993,47.3122431,2320656,1,6.0,2320.656
205348200,2021:03:16:09:02:10,3,11.3831993,47.3122432,2320682,1,6.0,2320.682
205348300,2021:03:16:09:02:10,3,11.3831995,47.3122433,2320706,1,6.0,2320.706
205348400,2021:03:16:09:02:10,3,11.3831995,47.3122433,2320709,1,6.0,2320.709
205348500,2021:03:16:09:02:10,3,11.3831994,47.3122433,2320717,1,6.0,2320.717
205348600,2021:03:16:09:02:10,3,11.3831996,47.3122434,2320735,0,6.0,2320.735
205348700,2021:03:16:09:02:10,3,11.3831996,47.3122434,2320721,0,6.0,2320.721
205348800,2021:03:16:09:02:10,3,11.3831996,47.3122433,2320734,0,6.0,2320.734
205348900,2021:03:16:09:02:10,3,11.3831997,47.3122433,2320726,0,6.0,2320.726
205349000,2021:03:16:09:02:11,3,11.3831996,47.3122433,2320732,0,6.0,2320.732
205349100,2021:03:16:09:02:11,3,11.3831997,47.3122433,2320744,0,6.0,2320.744
205349200,2021:03:16:09:02:11,3,11.3831996,47.3122434,2320762,0,6.0,2320.762
205349300,2021:03:16:09:02:11,3,11.3831998,47.3122436,2320790,0,6.0,2320.79
205349400,2021:03:16:09:02:11,3,11.3831996,47.3122437,2320791,0,6.0,2320.791
205349500,2021:03:16:09:02:11,3,11.383199,47.3122443,2320807,0,6.0,2320.807
205349600,2021:03:16:09:02:11,3,11.3831985,47.3122443,2320700,1,6.0,2320.7
205349700,2021:03:16:09:02:11,3,11.3831977,47.3122444,2320627,1,6.0,2320.627
205349800,2021:03:16:09:02:11,3,11.3831976,47.3122447,2320695,1,6.0,2320.695
205349900,2021:03:16:09:02:11,3,11.3831973,47.3122448,2320690,1,6.06,2320.69
205350000,2021:03:16:09:02:12,3,11.3831975,47.312245,2320716,1,6.06,2320.716
205350100,2021:03:16:09:02:12,3,11.3831978,47.3122452,2320719,1,6.06,2320.719
205350200,2021:03:16:09:02:12,3,11.3831977,47.3122451,2320689,1,6.06,2320.689
205350300,2021:03:16:09:02:12,3,11.3831976,47.3122451,2320712,1,6.06,2320.712
205350400,2021:03:16:09:02:12,3,11.3831975,47.3122452,2320746,1,6.06,2320.746
205350500,2021:03:16:09:02:12,3,11.3831975,47.3122452,2320713,1,6.06,2320.713
205350600,2021:03:16:09:02:12,3,11.3831975,47.3122452,2320704,0,6.0,2320.704
205350700,2021:03:16:09:02:12,3,11.3831975,47.3122451,2320684,0,6.0,2320.684
205350800,2021:03:16:09:02:12,3,11.3831971,47.3122449,2320637,0,6.0,2320.637
205350900,2021:03:16:09:02:12,3,11.3831972,47.3122446,2320643,0,6.0,2320.643
205351000,2021:03:16:09:02:13,3,11.3831974,47.3122446,2320613,0,6.0,2320.613
205351100,2021:03:16:09:02:13,3,11.3831974,47.3122446,2320605,0,6.0,2320.605
205351200,2021:03:16:09:02:13,3,11.3831972,47.3122444,2320618,0,6.0,2320.618
205351300,2021:03:16:09:02:13,3,11.3831973,47.3122444,2320615,0,6.0,2320.615
205351400,2021:03:16:09:02:13,3,11.3831972,47.3122444,2320606,0,6.0,2320.606
205351500,2021:03:16:09:02:13,3,11.3831974,47.3122444,2320606,0,6.0,2320.606
205351600,2021:03:16:09:02:13,3,11.3831976,47.3122444,2320608,1,6.0,2320.608
205351700,2021:03:16:09:02:13,3,11.3831977,47.3122443,2320647,1,6.0,2320.647
205351800,2021:03:16:09:02:13,3,11.3831979,47.3122443,2320665,1,6.0,2320.665
205351900,2021:03:16:09:02:13,3,11.3831979,47.3122443,2320668,1,6.0,2320.668
205352000,2021:03:16:09:02:14,3,11.3831979,47.3122443,2320719,1,6.0,2320.719
205352100,2021:03:16:09:02:14,3,11.3831981,47.3122443,2320719,1,6.0,2320.719
205352200,2021:03:16:09:02:14,3,11.3831981,47.3122443,2320739,1,6.0,2320.739
205352300,2021:03:16:09:02:14,3,11.3831981,47.3122443,2320751,1,6.0,2320.751
205352400,2021:03:16:09:02:14,3,11.3831982,47.3122443,2320758,1,6.0,2320.758
205352500,2021:03:16:09:02:14,3,11.3831981,47.3122444,2320751,1,6.0,2320.751
205352600,2021:03:16:09:02:14,3,11.3831982,47.3122444,2320772,0,6.0,2320.772
205352700,2021:03:16:09:02:14,3,11.3831985,47.3122444,2320793,0,6.0,2320.793
205352800,2021:03:16:09:02:14,3,11.3831988,47.3122445,2320822,0,6.0,2320.822
205352900,2021:03:16:09:02:14,3,11.3831992,47.3122444,2320839,0,6.0,2320.839
205353000,2021:03:16:09:02:15,3,11.3831995,47.3122445,2320867,0,6.0,2320.867
205353100,2021:03:16:09:02:15,3,11.3831999,47.3122446,2320879,0,6.0,2320.879
205353200,2021:03:16:09:02:15,3,11.3832003,47.3122446,2320912,0,6.0,2320.912
205353300,2021:03:16:09:02:15,3,11.3832005,47.3122447,2320936,0,6.0,2320.936
205353400,2021:03:16:09:02:15,3,11.3832008,47.3122447,2320975,0,6.0,2320.975
205353500,2021:03:16:09:02:15,3,11.3832009,47.3122447,2320987,0,6.0,2320.987
205353600,2021:03:16:09:02:15,3,11.383201,47.3122447,2320975,1,6.0,2320.975
205353700,2021:03:16:09:02:15,3,11.3832012,47.3122447,2320983,1,6.0,2320.983
205353800,2021:03:16:09:02:15,3,11.3832013,47.3122447,2320997,1,6.0,2320.997
205353900,2021:03:16:09:02:15,3,11.3832015,47.3122447,2321004,1,6.0,2321.004
205354000,2021:03:16:09:02:16,3,11.3832016,47.3122447,2320990,1,6.0,2320.99
205354100,2021:03:16:09:02:16,3,11.3832017,47.3122448,2320989,1,6.0,2320.989
205354200,2021:03:16:09:02:16,3,11.3832018,47.3122447,2321004,1,6.0,2321.004
205354300,2021:03:16:09:02:16,3,11.3832019,47.3122447,2321013,1,6.0,2321.013
205354400,2021:03:16:09:02:16,3,11.3832019,47.3122447,2321016,1,5.94,2321.016
205354500,2021:03:16:09:02:16,3,11.3832018,47.3122447,2321024,1,5.94,2321.024
205354600,2021:03:16:09:02:16,3,11.3832019,47.3122446,2321024,0,5.94,2321.024
205354700,2021:03:16:09:02:16,3,11.383202,47.3122447,2321047,0,5.94,2321.047
205354800,2021:03:16:09:02:16,3,11.383202,47.3122446,2321054,0,5.94,2321.054
205354900,2021:03:16:09:02:16,3,11.3832021,47.3122446,2321068,0,5.94,2321.068
205355000,2021:03:16:09:02:17,3,11.3832022,47.3122445,2321067,0,5.94,2321.067
205355100,2021:03:16:09:02:17,3,11.3832023,47.3122445,2321055,0,5.94,2321.055
205355200,2021:03:16:09:02:17,3,11.3832022,47.3122444,2321071,0,5.94,2321.071
205355300,2021:03:16:09:02:17,3,11.3832024,47.3122444,2321076,0,5.94,2321.076
205355400,2021:03:16:09:02:17,3,11.3832024,47.3122443,2321074,0,5.94,2321.074
205355500,2021:03:16:09:02:17,3,11.3832023,47.3122442,2321077,0,5.94,2321.077
205355600,2021:03:16:09:02:17,3,11.3832024,47.3122442,2321062,1,5.94,2321.062
205355700,2021:03:16:09:02:17,3,11.3832024,47.3122441,2321054,1,5.94,2321.054
205355800,2021:03:16:09:02:17,3,11.3832024,47.3122441,2321069,1,5.94,2321.069
205355900,2021:03:16:09:02:17,3,11.3832026,47.312244,2321054,1,5.94,2321.054
205356000,2021:03:16:09:02:18,3,11.3832026,47.312244,2321078,1,5.94,2321.078
205356100,2021:03:16:09:02:18,3,11.3832026,47.312244,2321068,1,5.94,2321.068
205356200,2021:03:16:09:02:18,3,11.3832029,47.3122441,2321074,1,5.94,2321.074
205356300,2021:03:16:09:02:18,3,11.3832028,47.3122444,2321156,1,5.94,2321.156
205356400,2021:03:16:09:02:18,3,11.3832028,47.3122445,2321195,1,5.94,2321.195
205356500,2021:03:16:09:02:18,3,11.3832028,47.3122441,2321184,1,5.94,2321.184
205356600,2021:03:16:09:02:18,3,11.3832027,47.3122419,2321180,1,5.94,2321.18
205356700,2021:03:16:09:02:18,3,11.3832018,47.3122386,2321288,0,5.94,2321.288
205356800,2021:03:16:09:02:18,3,11.3832009,47.3122359,2321330,0,5.94,2321.33
205356900,2021:03:16:09:02:18,3,11.383199,47.3122341,2321064,0,5.94,2321.064
205357000,2021:03:16:09:02:19,3,11.3831973,47.3122317,2320736,0,5.94,2320.736
205357100,2021:03:16:09:02:19,3,11.3831961,47.3122293,2320241,0,5.94,2320.241
205357200,2021:03:16:09:02:19,3,11.3831952,47.3122259,2319496,0,5.94,2319.496
205357300,2021:03:16:09:02:19,3,11.3831953,47.3122231,2319001,0,5.94,2319.001
205357400,2021:03:16:09:02:19,3,11.3831948,47.3122197,2318537,0,5.87,2318.537
205357500,2021:03:16:09:02:19,3,11.3831918,47.3122142,2317753,0,5.87,2317.753
205357600,2021:03:16:09:02:19,3,11.3831901,47.3122097,2317066,0,5.87,2317.066
205357700,2021:03:16:09:02:19,3,11.3831886,47.3122051,2316107,1,5.87,2316.107
205357800,2021:03:16:09:02:19,3,11.3831875,47.3122006,2315128,1,5.87,2315.128
205357900,2021:03:16:09:02:19,3,11.3831871,47.3121969,2314259,1,5.87,2314.259
205358000,2021:03:16:09:02:20,3,11.3831864,47.3121928,2313395,1,5.87,2313.395
205358100,2021:03:16:09:02:20,3,11.3831851,47.3121893,2312575,1,5.87,2312.575
205358200,2021:03:16:09:02:20,3,11.3831853,47.3121862,2311754,1,5.87,2311.754
205358300,2021:03:16:09:02:20,3,11.3831864,47.3121828,2311088,1,5.87,2311.088
205358400,2021:03:16:09:02:20,3,11.3831869,47.3121794,2310659,1,5.87,2310.659
205358500,2021:03:16:09:02:20,3,11.3831859,47.3121755,2310383,1,5.87,2310.383
205358700,2021:03:16:09:02:20,3,11.3831842,47.3121672,2309790,0,5.87,2309.79
205358800,2021:03:16:09:02:20,3,11.3831847,47.3121624,2309537,0,5.87,2309.537
205358900,2021:03:16:09:02:20,3,11.3831858,47.3121579,2309225,0,5.87,2309.225
205359000,2021:03:16:09:02:21,3,11.3831859,47.3121534,2308909,0,5.87,2308.909
205359100,2021:03:16:09:02:21,3,11.3831864,47.3121485,2308606,0,5.87,2308.606
205359200,2021:03:16:09:02:21,3,11.3831867,47.3121436,2308258,0,5.87,2308.258
205359300,2021:03:16:09:02:21,3,11.3831874,47.3121386,2307985,0,5.87,2307.985
205359400,2021:03:16:09:02:21,3,11.3831876,47.3121339,2307574,0,5.87,2307.574
205359500,2021:03:16:09:02:21,3,11.3831881,47.3121288,2307215,0,5.87,2307.215
205359600,2021:03:16:09:02:21,3,11.3831889,47.3121241,2306838,1,5.81,2306.838
205359700,2021:03:16:09:02:21,3,11.3831895,47.3121192,2306401,1,5.81,2306.401
205359800,2021:03:16:09:02:21,3,11.3831899,47.3121141,2305849,1,5.81,2305.849
205359900,2021:03:16:09:02:21,3,11.3831908,47.3121086,2305434,1,5.81,2305.434
205360000,2021:03:16:09:02:22,3,11.3831912,47.3121031,2304991,1,5.81,2304.991
205360100,2021:03:16:09:02:22,3,11.3831921,47.3120977,2304494,1,5.81,2304.494
205360200,2021:03:16:09:02:22,3,11.3831927,47.3120922,2304024,1,5.81,2304.024
205360300,2021:03:16:09:02:22,3,11.3831932,47.3120868,2303450,1,5.81,2303.45
205360400,2021:03:16:09:02:22,3,11.3831942,47.3120816,2302768,1,5.75,2302.768
205360500,2021:03:16:09:02:22,3,11.3831942,47.3120761,2302112,1,5.75,2302.112
205360600,2021:03:16:09:02:22,3,11.383193,47.31207,2301452,1,5.75,2301.452
205360700,2021:03:16:09:02:22,3,11.383192,47.3120642,2300897,0,5.75,2300.897
205360800,2021:03:16:09:02:22,3,11.3831899,47.3120583,2300455,0,5.75,2300.455
205360900,2021:03:16:09:02:22,3,11.3831883,47.3120531,2299951,0,5.75,2299.951
205361000,2021:03:16:09:02:23,3,11.3831859,47.3120478,2299480,0,5.75,2299.48
205361100,2021:03:16:09:02:23,3,11.3831835,47.3120424,2298953,0,5.75,2298.953
205361200,2021:03:16:09:02:23,3,11.3831806,47.3120368,2298375,0,5.75,2298.375
205361300,2021:03:16:09:02:23,3,11.3831775,47.3120316,2297792,0,5.75,2297.792
205361400,2021:03:16:09:02:23,3,11.3831737,47.3120258,2297219,0,5.75,2297.219
205361500,2021:03:16:09:02:23,3,11.3831692,47.3120201,2296674,0,5.75,2296.674
205361600,2021:03:16:09:02:23,3,11.3831652,47.3120148,2296120,0,5.75,2296.12
205361700,2021:03:16:09:02:23,3,11.3831606,47.3120096,2295582,1,5.75,2295.582
205361800,2021:03:16:09:02:23,3,11.3831558,47.3120043,2294970,1,5.75,2294.97
205361900,2021:03:16:09:02:23,3,11.3831502,47.3119993,2294376,1,5.69,2294.376
205362000,2021:03:16:09:02:24,3,11.3831454,47.3119937,2293642,1,5.69,2293.642
205362100,2021:03:16:09:02:24,3,11.3831402,47.3119884,2292939,1,5.69,2292.939
205362200,2021:03:16:09:02:24,3,11.3831354,47.3119836,2292248,1,5.69,2292.248
205362300,2021:03:16:09:02:24,3,11.3831312,47.3119781,2291601,1,5.69,2291.601
205362400,2021:03:16:09:02:24,3,11.3831273,47.3119719,2290910,1,5.69,2290.91
205362500,2021:03:16:09:02:24,3,11.3831212,47.3119661,2290289,1,5.69,2290.289
205362600,2021:03:16:09:02:24,3,11.3831159,47.3119609,2289596,0,5.56,2289.596
205362700,2021:03:16:09:02:24,3,11.3831101,47.3119553,2288936,0,5.56,2288.936
205362800,2021:03:16:09:02:24,3,11.3831036,47.31195,2288293,0,5.56,2288.293
205362900,2021:03:16:09:02:24,3,11.3830974,47.311944,2287560,0,5.56,2287.56
205363000,2021:03:16:09:02:25,3,11.3830919,47.3119377,2286931,0,5.56,2286.931
205363100,2021:03:16:09:02:25,3,11.3830854,47.31193,2286345,0,5.56,2286.345
205363200,2021:03:16:09:02:25,3,11.3830802,47.311924,2285671,0,5.56,2285.671
205363300,2021:03:16:09:02:25,3,11.383074,47.311919,2285022,0,5.56,2285.022
205363400,2021:03:16:09:02:25,3,11.3830684,47.3119126,2284487,0,5.56,2284.487
205363500,2021:03:16:09:02:25,3,11.3830616,47.3119052,2283853,0,5.56,2283.853
205363600,2021:03:16:09:02:25,3,11.3830556,47.3118983,2283255,0,5.56,2283.255
205363700,2021:03:16:09:02:25,3,11.3830499,47.3118916,2282573,1,5.56,2282.573
205363800,2021:03:16:09:02:25,3,11.3830452,47.3118841,2281837,1,5.56,2281.837
205363900,2021:03:16:09:02:25,3,11.3830407,47.311877,2281117,1,5.56,2281.117
205364000,2021:03:16:09:02:26,3,11.3830381,47.3118695,2280382,1,5.56,2280.382
205364100,2021:03:16:09:02:26,3,11.3830351,47.3118628,2279692,1,5.5,2279.692
205364200,2021:03:16:09:02:26,3,11.3830315,47.3118563,2279006,1,5.5,2279.006
205364300,2021:03:16:09:02:26,3,11.3830282,47.3118495,2278300,1,5.5,2278.3
205364400,2021:03:16:09:02:26,3,11.3830255,47.3118419,2277570,1,5.5,2277.57
205364500,2021:03:16:09:02:26,3,11.3830223,47.3118347,2276880,1,5.5,2276.88
205364600,2021:03:16:09:02:26,3,11.3830178,47.3118274,2276230,1,5.5,2276.23
205364700,2021:03:16:09:02:26,3,11.3830149,47.3118193,2275640,0,5.5,2275.64
205364800,2021:03:16:09:02:26,3,11.3830124,47.3118116,2274916,0,5.5,2274.916
205364900,2021:03:16:09:02:26,3,11.3830102,47.3118013,2274206,0,5.37,2274.206
205365000,2021:03:16:09:02:27,3,11.383007,47.311792,2273578,0,5.37,2273.578
205365100,2021:03:16:09:02:27,3,11.3830036,47.3117832,2272955,0,5.37,2272.955
205365200,2021:03:16:09:02:27,3,11.3829998,47.3117748,2272234,0,5.37,2272.234
205365300,2021:03:16:09:02:27,3,11.3829966,47.311766,2271553,0,5.37,2271.553
205365400,2021:03:16:09:02:27,3,11.3829929,47.3117567,2270843,0,5.37,2270.843
205365500,2021:03:16:09:02:27,3,11.3829886,47.3117475,2270169,0,5.37,2270.169
205365600,2021:03:16:09:02:27,3,11.3829853,47.3117387,2269442,1,5.37,2269.442
205365700,2021:03:16:09:02:27,3,11.3829833,47.3117292,2268788,1,5.37,2268.788
205365800,2021:03:16:09:02:27,3,11.3829804,47.3117193,2268154,1,5.37,2268.154
205365900,2021:03:16:09:02:27,3,11.3829771,47.3117101,2267488,1,5.37,2267.488
205366000,2021:03:16:09:02:28,3,11.3829737,47.3117013,2266694,1,5.37,2266.694
205366100,2021:03:16:09:02:28,3,11.3829711,47.3116921,2265825,1,5.37,2265.825
205366200,2021:03:16:09:02:28,3,11.3829688,47.3116816,2265109,1,5.37,2265.109
205366300,2021:03:16:09:02:28,3,11.3829667,47.3116708,2264428,1,5.37,2264.428
205366400,2021:03:16:09:02:28,3,11.3829647,47.3116611,2263707,1,5.31,2263.707
205366500,2021:03:16:09:02:28,3,11.3829634,47.31165,2263091,1,5.31,2263.091
205366600,2021:03:16:09:02:28,3,11.3829631,47.3116395,2262358,1,5.31,2262.358
205366700,2021:03:16:09:02:28,3,11.382963,47.3116282,2261756,0,5.31,2261.756
205366800,2021:03:16:09:02:28,3,11.3829612,47.3116183,2261147,0,5.31,2261.147
205366900,2021:03:16:09:02:28,3,11.38296,47.3116078,2260416,0,5.31,2260.416
205367000,2021:03:16:09:02:29,3,11.3829593,47.3115971,2259666,0,5.31,2259.666
205367100,2021:03:16:09:02:29,3,11.3829587,47.3115862,2258908,0,5.25,2258.908
205367200,2021:03:16:09:02:29,3,11.3829575,47.3115754,2258222,0,5.25,2258.222
205367300,2021:03:16:09:02:29,3,11.3829565,47.311565,2257391,0,5.25,2257.391
205367400,2021:03:16:09:02:29,3,11.3829549,47.3115555,2256543,0,5.25,2256.543
205367500,2021:03:16:09:02:29,3,11.3829525,47.3115446,2255833,0,5.25,2255.833
205367600,2021:03:16:09:02:29,3,11.3829493,47.3115349,2255017,0,5.25,2255.017
205367700,2021:03:16:09:02:29,3,11.3829455,47.3115253,2254192,1,5.25,2254.192
205367800,2021:03:16:09:02:29,3,11.3829413,47.3115157,2253317,1,5.25,2253.317
205367900,2021:03:16:09:02:29,3,11.3829375,47.3115071,2252399,1,5.19,2252.399
205368000,2021:03:16:09:02:30,3,11.3829337,47.311497,2251666,1,5.19,2251.666
205368100,2021:03:16:09:02:30,3,11.3829293,47.3114863,2250984,1,5.19,2250.984
205368200,2021:03:16:09:02:30,3,11.3829242,47.3114757,2250239,1,5.19,2250.239
205368300,2021:03:16:09:02:30,3,11.3829196,47.311465,2249566,1,5.19,2249.566
205368400,2021:03:16:09:02:30,3,11.3829154,47.3114543,2248792,1,5.19,2248.792
205368500,2021:03:16:09:02:30,3,11.3829115,47.3114442,2247887,1,5.19,2247.887
205368600,2021:03:16:09:02:30,3,11.3829082,47.311434,2247116,0,5.12,2247.116
205368700,2021:03:16:09:02:30,3,11.3829049,47.3114234,2246421,0,5.12,2246.421
205368800,2021:03:16:09:02:30,3,11.3829015,47.3114132,2245727,0,5.12,2245.727
205368900,2021:03:16:09:02:30,3,11.3828984,47.3114023,2245116,0,5.12,2245.116
205369000,2021:03:16:09:02:31,3,11.3828956,47.311391,2244503,0,5.12,2244.503
205369100,2021:03:16:09:02:31,3,11.3828911,47.31138,2243731,0,5.12,2243.731
205369200,2021:03:16:09:02:31,3,11.3828879,47.3113685,2243139,0,5.12,2243.139
205369300,2021:03:16:09:02:31,3,11.3828839,47.3113572,2242439,0,5.12,2242.439
205369400,2021:03:16:09:02:31,3,11.38288,47.3113489,2241388,0,5.06,2241.388
205369500,2021:03:16:09:02:31,3,11.3828749,47.3113421,2240320,0,5.06,2240.32
205369600,2021:03:16:09:02:31,3,11.3828702,47.3113338,2239504,0,5.06,2239.504
205369700,2021:03:16:09:02:31,3,11.3828656,47.311323,2239070,1,5.06,2239.07
205369800,2021:03:16:09:02:31,3,11.3828602,47.311313,2238499,1,5.06,2238.499
205369900,2021:03:16:09:02:31,3,11.3828547,47.3113046,2237569,1,5.06,2237.569
205370000,2021:03:16:09:02:32,3,11.3828495,47.3112968,2236541,1,5.06,2236.541
205370100,2021:03:16:09:02:32,3,11.3828438,47.3112888,2235452,1,5.06,2235.452
205370200,2021:03:16:09:02:32,3,11.3828374,47.3112811,2234395,1,5.06,2234.395
205370300,2021:03:16:09:02:32,3,11.3828308,47.311273,2233134,1,5.06,2233.134
205370400,2021:03:16:09:02:32,3,11.3828246,47.3112649,2231931,1,5.06,2231.931
205370500,2021:03:16:09:02:32,3,11.3828183,47.3112578,2230732,1,5.06,2230.732
205370600,2021:03:16:09:02:32,3,11.3828117,47.3112513,2229222,1,5.06,2229.222
205370700,2021:03:16:09:02:32,3,11.3828053,47.3112436,2227989,0,5.06,2227.989
205370800,2021:03:16:09:02:32,3,11.3827987,47.3112353,2226713,0,5.06,2226.713
205370900,2021:03:16:09:02:32,3,11.3827925,47.3112275,2225384,0,5.0,2225.384
205371000,2021:03:16:09:02:33,3,11.3827861,47.3112203,2223934,0,5.0,2223.934
205371100,2021:03:16:09:02:33,3,11.3827799,47.3112115,2222822,0,5.0,2222.822
205371200,2021:03:16:09:02:33,3,11.3827733,47.3112018,2221865,0,5.0,2221.865
205371300,2021:03:16:09:02:33,3,11.3827668,47.3111929,2220767,0,5.0,2220.767
205371400,2021:03:16:09:02:33,3,11.3827595,47.3111836,2219785,0,5.0,2219.785
205371500,2021:03:16:09:02:33,3,11.3827528,47.3111742,2218740,0,5.0,2218.74
205371600,2021:03:16:09:02:33,3,11.3827457,47.3111635,2217948,0,5.0,2217.948
205371700,2021:03:16:09:02:33,3,11.3827391,47.3111534,2217146,1,4.87,2217.146
205371800,2021:03:16:09:02:33,3,11.3827325,47.311145,2216099,1,4.87,2216.099
205371900,2021:03:16:09:02:33,3,11.3827259,47.3111363,2215039,1,4.87,2215.039
205372000,2021:03:16:09:02:34,3,11.3827191,47.3111259,2214214,1,4.87,2214.214
205372100,2021:03:16:09:02:34,3,11.3827124,47.3111161,2213324,1,4.87,2213.324
205372200,2021:03:16:09:02:34,3,11.3827054,47.3111069,2212339,1,4.87,2212.339
205372300,2021:03:16:09:02:34,3,11.3826985,47.3110974,2211395,1,4.87,2211.395
205372400,2021:03:16:09:02:34,3,11.3826918,47.3110879,2210329,1,4.87,2210.329
205372500,2021:03:16:09:02:34,3,11.3826848,47.3110775,2209437,1,4.87,2209.437
205372600,2021:03:16:09:02:34,3,11.3826785,47.311068,2208449,1,4.87,2208.449
205372700,2021:03:16:09:02:34,3,11.3826712,47.3110564,2207682,0,4.87,2207.682
205372800,2021:03:16:09:02:34,3,11.3826645,47.3110462,2206774,0,4.87,2206.774
205372900,2021:03:16:09:02:34,3,11.3826578,47.3110367,2205842,0,4.87,2205.842
205373000,2021:03:16:09:02:35,3,11.3826509,47.3110258,2204993,0,4.87,2204.993
205373100,2021:03:16:09:02:35,3,11.3826438,47.3110144,2204206,0,4.87,2204.206
205373200,2021:03:16:09:02:35,3,11.3826365,47.3110031,2203445,0,4.81,2203.445
205373300,2021:03:16:09:02:35,3,11.3826299,47.3109932,2202509,0,4.81,2202.509
205373400,2021:03:16:09:02:35,3,11.3826226,47.310982,2201743,0,4.81,2201.743
205373500,2021:03:16:09:02:35,3,11.3826164,47.3109724,2200768,0,4.81,2200.768
205373600,2021:03:16:09:02:35,3,11.3826105,47.3109621,2199918,0,4.81,2199.918
205373700,2021:03:16:09:02:35,3,11.3826041,47.3109512,2199064,1,4.81,2199.064
205373800,2021:03:16:09:02:35,3,11.3825988,47.3109416,2198088,1,4.81,2198.088
205373900,2021:03:16:09:02:35,3,11.3825941,47.3109318,2197092,1,4.75,2197.092
205374000,2021:03:16:09:02:36,3,11.3825898,47.3109215,2196253,1,4.75,2196.253
205374100,2021:03:16:09:02:36,3,11.3825851,47.3109115,2195322,1,4.75,2195.322
205374200,2021:03:16:09:02:36,3,11.3825798,47.3109014,2194422,1,4.75,2194.422
205374300,2021:03:16:09:02:36,3,11.3825743,47.3108906,2193539,1,4.75,2193.539
205374400,2021:03:16:09:02:36,3,11.3825687,47.3108794,2192656,1,4.75,2192.656
205374500,2021:03:16:09:02:36,3,11.3825634,47.3108691,2191584,1,4.75,2191.584
205374600,2021:03:16:09:02:36,3,11.3825563,47.3108576,2190637,1,4.75,2190.637
205374700,2021:03:16:09:02:36,3,11.3825517,47.3108475,2189597,0,4.75,2189.597
205374800,2021:03:16:09:02:36,3,11.3825458,47.3108368,2188641,0,4.75,2188.641
205374900,2021:03:16:09:02:36,3,11.38254,47.3108259,2187756,0,4.75,2187.756
205375000,2021:03:16:09:02:37,3,11.3825349,47.3108154,2186826,0,4.75,2186.826
205375100,2021:03:16:09:02:37,3,11.3825293,47.3108046,2185994,0,4.75,2185.994
205375200,2021:03:16:09:02:37,3,11.3825239,47.3107936,2185155,0,4.75,2185.155
205375300,2021:03:16:09:02:37,3,11.3825185,47.3107827,2184313,0,4.75,2184.313
205375400,2021:03:16:09:02:37,3,11.3825128,47.3107721,2183470,0,4.69,2183.47
205375500,2021:03:16:09:02:37,3,11.3825064,47.3107611,2182549,0,4.69,2182.549
205375600,2021:03:16:09:02:37,3,11.382499,47.3107504,2181522,0,4.69,2181.522
205375700,2021:03:16:09:02:37,3,11.3824927,47.3107393,2180693,1,4.69,2180.693
205375800,2021:03:16:09:02:37,3,11.3824877,47.3107287,2179904,1,4.69,2179.904
205375900,2021:03:16:09:02:37,3,11.38248,47.3107174,2178924,1,4.69,2178.924
205376000,2021:03:16:09:02:38,3,11.3824731,47.3107068,2178004,1,4.69,2178.004
205376100,2021:03:16:09:02:38,3,11.3824672,47.3106964,2177138,1,4.69,2177.138
205376200,2021:03:16:09:02:38,3,11.3824614,47.3106862,2176210,1,4.69,2176.21
205376300,2021:03:16:09:02:38,3,11.382456,47.3106757,2175369,1,4.69,2175.369
205376400,2021:03:16:09:02:38,3,11.3824505,47.3106649,2174488,1,4.69,2174.488
205376500,2021:03:16:09:02:38,3,11.3824449,47.3106542,2173587,1,4.69,2173.587
205376600,2021:03:16:09:02:38,3,11.3824397,47.3106428,2172731,1,4.69,2172.731
205376700,2021:03:16:09:02:38,3,11.3824333,47.3106317,2171746,0,4.69,2171.746
205376800,2021:03:16:09:02:38,3,11.3824252,47.3106197,2170768,0,4.69,2170.768
205376900,2021:03:16:09:02:38,3,11.3824181,47.3106084,2169965,0,4.69,2169.965
205377000,2021:03:16:09:02:39,3,11.3824117,47.3105969,2169096,0,4.69,2169.096
205377100,2021:03:16:09:02:39,3,11.3824047,47.310586,2168185,0,4.69,2168.185
205377200,2021:03:16:09:02:39,3,11.3823981,47.3105754,2167296,0,4.69,2167.296
205377300,2021:03:16:09:02:39,3,11.382392,47.3105649,2166485,0,4.69,2166.485
205377400,2021:03:16:09:02:39,3,11.3823862,47.3105549,2165614,0,4.69,2165.614
205377500,2021:03:16:09:02:39,3,11.382381,47.3105441,2164850,0,4.69,2164.85
205377600,2021:03:16:09:02:39,3,11.382376,47.3105337,2163979,0,4.69,2163.979
205377700,2021:03:16:09:02:39,3,11.3823708,47.3105225,2163110,1,4.69,2163.11
205377800,2021:03:16:09:02:39,3,11.3823667,47.3105127,2162120,1,4.69,2162.12
205377900,2021:03:16:09:02:39,3,11.3823622,47.3105016,2161347,1,4.69,2161.347
205378000,2021:03:16:09:02:40,3,11.3823569,47.310491,2160363,1,4.69,2160.363
205378100,2021:03:16:09:02:40,3,11.382351,47.3104801,2159512,1,4.69,2159.512
205378200,2021:03:16:09:02:40,3,11.3823442,47.3104694,2158636,1,4.69,2158.636
205378300,2021:03:16:09:02:40,3,11.3823403,47.3104584,2157837,1,4.69,2157.837
205378400,2021:03:16:09:02:40,3,11.3823368,47.3104482,2156879,1,4.62,2156.879
205378500,2021:03:16:09:02:40,3,11.3823323,47.3104371,2156073,1,4.62,2156.073
205378600,2021:03:16:09:02:40,3,11.3823273,47.3104259,2155163,1,4.62,2155.163
205378700,2021:03:16:09:02:40,3,11.3823225,47.3104148,2154337,0,4.62,2154.337
205378800,2021:03:16:09:02:40,3,11.3823178,47.3104038,2153483,0,4.62,2153.483
205378900,2021:03:16:09:02:40,3,11.3823153,47.3103927,2152699,0,4.62,2152.699
205379000,2021:03:16:09:02:41,3,11.3823119,47.310382,2151890,0,4.62,2151.89
205379100,2021:03:16:09:02:41,3,11.3823078,47.3103709,2151085,0,4.62,2151.085
205379200,2021:03:16:09:02:41,3,11.3823054,47.3103596,2150455,0,4.69,2150.455
205379300,2021:03:16:09:02:41,3,11.3823028,47.3103489,2149690,0,4.69,2149.69
205379400,2021:03:16:09:02:41,3,11.3822996,47.3103384,2148755,0,4.69,2148.755
205379500,2021:03:16:09:02:41,3,11.3822973,47.3103279,2147816,0,4.69,2147.816
205379600,2021:03:16:09:02:41,3,11.3822945,47.3103174,2146904,0,4.69,2146.904
205379700,2021:03:16:09:02:41,3,11.3822917,47.310306,2146048,1,4.69,2146.048
205379800,2021:03:16:09:02:41,3,11.3822882,47.3102949,2145220,1,4.69,2145.22
205379900,2021:03:16:09:02:41,3,11.3822855,47.3102832,2144444,1,4.69,2144.444
205380000,2021:03:16:09:02:42,3,11.3822832,47.310272,2143624,1,4.69,2143.624
205380100,2021:03:16:09:02:42,3,11.3822812,47.3102613,2142707,1,4.69,2142.707
205380200,2021:03:16:09:02:42,3,11.3822793,47.3102498,2141945,1,4.69,2141.945
205380300,2021:03:16:09:02:42,3,11.3822767,47.3102389,2141091,1,4.69,2141.091
205380400,2021:03:16:09:02:42,3,11.3822751,47.3102277,2140255,1,4.69,2140.255
205380500,2021:03:16:09:02:42,3,11.3822729,47.3102163,2139574,1,4.69,2139.574
205380600,2021:03:16:09:02:42,3,11.3822703,47.3102044,2138865,1,4.69,2138.865
205380700,2021:03:16:09:02:42,3,11.382268,47.3101925,2138183,0,4.69,2138.183
205380800,2021:03:16:09:02:42,3,11.3822664,47.3101817,2137323,0,4.69,2137.323
205380900,2021:03:16:09:02:42,3,11.3822646,47.3101712,2136439,0,4.69,2136.439
205381000,2021:03:16:09:02:43,3,11.3822624,47.3101607,2135610,0,4.69,2135.61
205381100,2021:03:16:09:02:43,3,11.3822599,47.3101505,2134690,0,4.69,2134.69
205381200,2021:03:16:09:02:43,3,11.3822578,47.3101394,2133986,0,4.69,2133.986
205381300,2021:03:16:09:02:43,3,11.3822561,47.3101294,2133087,0,4.69,2133.087
205381400,2021:03:16:09:02:43,3,11.3822541,47.3101186,2132305,0,4.62,2132.305
205381500,2021:03:16:09:02:43,3,11.382252,47.3101088,2131296,0,4.62,2131.296
205381600,2021:03:16:09:02:43,3,11.3822509,47.3100991,2130307,0,4.62,2130.307
205381700,2021:03:16:09:02:43,3,11.3822491,47.3100882,2129526,1,4.62,2129.526
205381800,2021:03:16:09:02:43,3,11.3822474,47.3100772,2128740,1,4.62,2128.74
205381900,2021:03:16:09:02:43,3,11.3822456,47.3100662,2127958,1,4.62,2127.958
205382000,2021:03:16:09:02:44,3,11.3822442,47.3100552,2127272,1,4.62,2127.272
205382100,2021:03:16:09:02:44,3,11.3822422,47.3100446,2126521,1,4.62,2126.521
205382200,2021:03:16:09:02:44,3,11.3822408,47.3100342,2125787,1,4.62,2125.787
205382300,2021:03:16:09:02:44,3,11.3822396,47.3100237,2124984,1,4.62,2124.984
205382400,2021:03:16:09:02:44,3,11.3822383,47.3100146,2124074,1,4.62,2124.074
205382500,2021:03:16:09:02:44,3,11.3822373,47.3100045,2123151,1,4.62,2123.151
205382600,2021:03:16:09:02:44,3,11.3822362,47.3099948,2122143,1,4.62,2122.143
205382700,2021:03:16:09:02:44,3,11.382235,47.309983,2121597,0,4.62,2121.597
205382800,2021:03:16:09:02:44,3,11.382234,47.3099724,2120935,0,4.62,2120.935
205382900,2021:03:16:09:02:44,3,11.3822329,47.3099624,2120201,0,4.69,2120.201
205383000,2021:03:16:09:02:45,3,11.3822319,47.3099528,2119351,0,4.69,2119.351
205383100,2021:03:16:09:02:45,3,11.3822314,47.3099426,2118594,0,4.69,2118.594
205383200,2021:03:16:09:02:45,3,11.3822304,47.3099322,2117855,0,4.69,2117.855
205383300,2021:03:16:09:02:45,3,11.3822296,47.3099217,2117198,0,4.69,2117.198
205383400,2021:03:16:09:02:45,3,11.3822289,47.3099122,2116340,0,4.69,2116.34
205383500,2021:03:16:09:02:45,3,11.3822286,47.3099029,2115511,0,4.69,2115.511
205383600,2021:03:16:09:02:45,3,11.3822278,47.309893,2114741,0,4.69,2114.741
205383700,2021:03:16:09:02:45,3,11.3822269,47.3098827,2114078,1,4.69,2114.078
205383800,2021:03:16:09:02:45,3,11.3822263,47.3098732,2113221,1,4.69,2113.221
205383900,2021:03:16:09:02:45,3,11.3822255,47.3098635,2112446,1,4.69,2112.446
205384000,2021:03:16:09:02:46,3,11.3822251,47.3098535,2111737,1,4.69,2111.737
205384100,2021:03:16:09:02:46,3,11.382224,47.3098434,2111086,1,4.69,2111.086
205384200,2021:03:16:09:02:46,3,11.3822231,47.3098344,2110273,1,4.69,2110.273
205384300,2021:03:16:09:02:46,3,11.382222,47.309825,2109511,1,4.69,2109.511
205384400,2021:03:16:09:02:46,3,11.3822212,47.3098156,2108741,1,4.69,2108.741
205384500,2021:03:16:09:02:46,3,11.3822204,47.3098064,2108008,1,4.69,2108.008
205384600,2021:03:16:09:02:46,3,11.3822199,47.3097968,2107383,1,4.69,2107.383
205384700,2021:03:16:09:02:46,3,11.3822189,47.3097876,2106632,0,4.69,2106.632
205384800,2021:03:16:09:02:46,3,11.382218,47.3097787,2105823,0,4.69,2105.823
205384900,2021:03:16:09:02:46,3,11.3822171,47.3097704,2105002,0,4.69,2105.002
205385000,2021:03:16:09:02:47,3,11.3822165,47.3097617,2104265,0,4.69,2104.265
205385100,2021:03:16:09:02:47,3,11.3822163,47.3097525,2103666,0,4.69,2103.666
205385200,2021:03:16:09:02:47,3,11.3822161,47.3097432,2103000,0,4.62,2103.0
205385300,2021:03:16:09:02:47,3,11.3822144,47.3097342,2102259,0,4.62,2102.259
205385400,2021:03:16:09:02:47,3,11.382213,47.3097255,2101490,0,4.62,2101.49
205385500,2021:03:16:09:02:47,3,11.3822123,47.3097168,2100724,0,4.62,2100.724
205385600,2021:03:16:09:02:47,3,11.3822116,47.3097086,2099921,0,4.62,2099.921
205385700,2021:03:16:09:02:47,3,11.3822106,47.3097003,2099196,1,4.62,2099.196
205385800,2021:03:16:09:02:47,3,11.3822099,47.3096912,2098670,1,4.62,2098.67
205385900,2021:03:16:09:02:47,3,11.3822091,47.3096833,2097884,1,4.62,2097.884
205386000,2021:03:16:09:02:48,3,11.3822087,47.3096743,2097332,1,4.62,2097.332
205386100,2021:03:16:09:02:48,3,11.3822079,47.3096662,2096637,1,4.62,2096.637
205386200,2021:03:16:09:02:48,3,11.3822071,47.3096581,2095948,1,4.62,2095.948
205386300,2021:03:16:09:02:48,3,11.3822062,47.3096491,2095300,1,4.62,2095.3
205386400,2021:03:16:09:02:48,3,11.3822059,47.309641,2094671,1,4.62,2094.671
205386500,2021:03:16:09:02:48,3,11.3822066,47.3096324,2094221,1,4.62,2094.221
205386600,2021:03:16:09:02:48,3,11.3822062,47.3096249,2093414,1,4.62,2093.414
205386700,2021:03:16:09:02:48,3,11.3822057,47.3096165,2092734,0,4.69,2092.734
205386800,2021:03:16:09:02:48,3,11.3822058,47.3096084,2092159,0,4.69,2092.159
205386900,2021:03:16:09:02:48,3,11.3822055,47.3096005,2091603,0,4.69,2091.603
205387000,2021:03:16:09:02:49,3,11.3822059,47.3095923,2091123,0,4.69,2091.123
205387100,2021:03:16:09:02:49,3,11.3822056,47.3095849,2090483,0,4.69,2090.483
205387200,2021:03:16:09:02:49,3,11.3822049,47.3095772,2089874,0,4.69,2089.874
205387300,2021:03:16:09:02:49,3,11.382205,47.3095698,2089285,0,4.69,2089.285
205387400,2021:03:16:09:02:49,3,11.3822049,47.3095626,2088645,0,4.69,2088.645
205387500,2021:03:16:09:02:49,3,11.3822049,47.3095553,2088047,0,4.69,2088.047
205387600,2021:03:16:09:02:49,3,11.3822045,47.309548,2087456,0,4.69,2087.456
205387700,2021:03:16:09:02:49,3,11.3822043,47.3095401,2086870,1,4.69,2086.87
205387800,2021:03:16:09:02:49,3,11.3822041,47.309532,2086288,1,4.69,2086.288
205387900,2021:03:16:09:02:49,3,11.3822042,47.3095252,2085660,1,4.69,2085.66
205388000,2021:03:16:09:02:50,3,11.3822041,47.3095173,2085135,1,4.69,2085.135
205388100,2021:03:16:09:02:50,3,11.3822032,47.3095112,2084430,1,4.69,2084.43
205388200,2021:03:16:09:02:50,3,11.3822028,47.3095047,2083831,1,4.62,2083.831
205388300,2021:03:16:09:02:50,3,11.3822018,47.3094987,2083199,1,4.62,2083.199
205388400,2021:03:16:09:02:50,3,11.3822006,47.3094922,2082584,1,4.62,2082.584
205388500,2021:03:16:09:02:50,3,11.3821989,47.3094863,2082017,1,4.62,2082.017
205388600,2021:03:16:09:02:50,3,11.3821979,47.3094807,2081456,1,4.62,2081.456
205388700,2021:03:16:09:02:50,3,11.3821996,47.3094742,2081050,0,4.62,2081.05
205388800,2021:03:16:09:02:50,3,11.3822005,47.3094682,2080645,0,4.62,2080.645
205388900,2021:03:16:09:02:50,3,11.3822005,47.3094629,2080219,0,4.56,2080.219
205389000,2021:03:16:09:02:51,3,11.3821993,47.309458,2079620,0,4.56,2079.62
205389100,2021:03:16:09:02:51,3,11.3821985,47.3094521,2079064,0,4.56,2079.064
205389200,2021:03:16:09:02:51,3,11.3821973,47.3094457,2078562,0,4.56,2078.562
205389300,2021:03:16:09:02:51,3,11.3821965,47.3094401,2078158,0,4.56,2078.158
205389400,2021:03:16:09:02:51,3,11.3821964,47.3094334,2077851,0,4.56,2077.851
205389500,2021:03:16:09:02:51,3,11.3821957,47.3094281,2077374,0,4.56,2077.374
205389600,2021:03:16:09:02:51,3,11.3821961,47.3094222,2077126,0,4.56,2077.126
205389700,2021:03:16:09:02:51,3,11.3821962,47.3094165,2076863,1,4.5,2076.863
205389800,2021:03:16:09:02:51,3,11.3821959,47.3094108,2076457,1,4.5,2076.457
205389900,2021:03:16:09:02:51,3,11.3821951,47.3094052,2076100,1,4.5,2076.1
205390000,2021:03:16:09:02:52,3,11.3821943,47.3094006,2075576,1,4.5,2075.576
205390100,2021:03:16:09:02:52,3,11.382195,47.309396,2075165,1,4.5,2075.165
205390200,2021:03:16:09:02:52,3,11.3821952,47.3093902,2074910,1,4.5,2074.91
205390300,2021:03:16:09:02:52,3,11.3821951,47.3093848,2074673,1,4.5,2074.673
205390400,2021:03:16:09:02:52,3,11.3821942,47.3093797,2074365,1,4.44,2074.365
205390500,2021:03:16:09:02:52,3,11.3821937,47.3093748,2074107,1,4.44,2074.107
205390600,2021:03:16:09:02:52,3,11.3821932,47.3093703,2073875,1,4.44,2073.875
205390700,2021:03:16:09:02:52,3,11.382193,47.3093652,2073778,0,4.44,2073.778
205390800,2021:03:16:09:02:52,3,11.3821923,47.3093604,2073518,0,4.44,2073.518
205390900,2021:03:16:09:02:52,3,11.3821919,47.3093553,2073200,0,4.44,2073.2
205391000,2021:03:16:09:02:53,3,11.3821918,47.309351,2072836,0,4.44,2072.836
205391100,2021:03:16:09:02:53,3,11.3821922,47.3093461,2072618,0,4.44,2072.618
205391200,2021:03:16:09:02:53,3,11.3821922,47.3093419,2072190,0,4.37,2072.19
205391300,2021:03:16:09:02:53,3,11.3821931,47.309338,2071763,0,4.37,2071.763
205391400,2021:03:16:09:02:53,3,11.382194,47.3093341,2071339,0,4.37,2071.339
205391500,2021:03:16:09:02:53,3,11.3821944,47.3093308,2070886,0,4.37,2070.886
205391600,2021:03:16:09:02:53,3,11.3821948,47.3093265,2070466,0,4.37,2070.466
205391700,2021:03:16:09:02:53,3,11.3821939,47.3093215,2070269,1,4.37,2070.269
205391800,2021:03:16:09:02:53,3,11.3821919,47.3093171,2070130,1,4.37,2070.13
205391900,2021:03:16:09:02:53,3,11.3821907,47.3093126,2069901,1,4.31,2069.901
205392000,2021:03:16:09:02:54,3,11.3821914,47.3093085,2069744,1,4.31,2069.744
205392100,2021:03:16:09:02:54,3,11.3821906,47.3093046,2069309,1,4.31,2069.309
205392200,2021:03:16:09:02:54,3,11.3821899,47.3093007,2068894,1,4.31,2068.894
205392300,2021:03:16:09:02:54,3,11.3821905,47.3092973,2068772,1,4.31,2068.772
205392400,2021:03:16:09:02:54,3,11.3821902,47.3092938,2068390,1,4.31,2068.39
205392500,2021:03:16:09:02:54,3,11.3821897,47.3092914,2067924,1,4.31,2067.924
205392600,2021:03:16:09:02:54,3,11.3821897,47.3092874,2067656,1,4.31,2067.656
205392700,2021:03:16:09:02:54,3,11.382189,47.3092833,2067342,0,4.31,2067.342
205392800,2021:03:16:09:02:54,3,11.3821886,47.30928,2066882,0,4.31,2066.882
205392900,2021:03:16:09:02:54,3,11.3821873,47.3092765,2066555,0,4.31,2066.555
205393000,2021:03:16:09:02:55,3,11.3821859,47.3092739,2066219,0,4.31,2066.219
205393100,2021:03:16:09:02:55,3,11.3821847,47.3092702,2066001,0,4.31,2066.001
205393200,2021:03:16:09:02:55,3,11.3821834,47.3092665,2065599,0,4.31,2065.599
205393300,2021:03:16:09:02:55,3,11.3821823,47.3092633,2065164,0,4.31,2065.164
205393400,2021:03:16:09:02:55,3,11.3821818,47.3092602,2064899,0,4.25,2064.899
205393500,2021:03:16:09:02:55,3,11.3821804,47.309258,2064587,0,4.25,2064.587
205393600,2021:03:16:09:02:55,3,11.3821794,47.3092558,2064324,1,4.25,2064.324
205393700,2021:03:16:09:02:55,3,11.3821785,47.309253,2064177,1,4.25,2064.177
205393800,2021:03:16:09:02:55,3,11.3821778,47.3092496,2063897,1,4.25,2063.897
205393900,2021:03:16:09:02:55,3,11.3821772,47.3092468,2063564,1,4.25,2063.564
205394000,2021:03:16:09:02:56,3,11.3821767,47.3092443,2063302,1,4.25,2063.302
205394100,2021:03:16:09:02:56,3,11.3821771,47.3092419,2063072,1,4.25,2063.072
205394200,2021:03:16:09:02:56,3,11.3821772,47.3092395,2062800,1,4.19,2062.8
205394300,2021:03:16:09:02:56,3,11.3821785,47.3092361,2062680,1,4.19,2062.68
205394400,2021:03:16:09:02:56,3,11.382179,47.3092329,2062496,1,4.19,2062.496
205394500,2021:03:16:09:02:56,3,11.3821784,47.3092312,2062114,1,4.19,2062.114
205394600,2021:03:16:09:02:56,3,11.3821788,47.3092294,2061810,1,4.19,2061.81
205394700,2021:03:16:09:02:56,3,11.3821788,47.3092278,2061492,0,4.19,2061.492
205394800,2021:03:16:09:02:56,3,11.3821792,47.3092263,2061305,0,4.19,2061.305
205394900,2021:03:16:09:02:56,3,11.3821789,47.3092237,2060994,0,4.19,2060.994
205395000,2021:03:16:09:02:57,3,11.3821789,47.3092214,2060700,0,4.19,2060.7
205395100,2021:03:16:09:02:57,3,11.3821786,47.3092194,2060395,0,4.19,2060.395
205395200,2021:03:16:09:02:57,3,11.3821792,47.3092177,2060144,0,4.19,2060.144
205395300,2021:03:16:09:02:57,3,11.38218,47.3092158,2060095,0,4.19,2060.095
205395400,2021:03:16:09:02:57,3,11.3821805,47.3092133,2060110,0,4.19,2060.11
205395500,2021:03:16:09:02:57,3,11.3821808,47.3092111,2059916,0,4.19,2059.916
205395600,2021:03:16:09:02:57,3,11.3821807,47.3092097,2059718,0,4.19,2059.718
205395700,2021:03:16:09:02:57,3,11.382181,47.309208,2059534,1,4.19,2059.534
205395800,2021:03:16:09:02:57,3,11.3821815,47.3092049,2059574,1,4.19,2059.574
205395900,2021:03:16:09:02:57,3,11.3821816,47.309203,2059626,1,4.19,2059.626
205396000,2021:03:16:09:02:58,3,11.3821824,47.3092019,2059633,1,4.19,2059.633
205396100,2021:03:16:09:02:58,3,11.3821823,47.3092007,2059537,1,4.19,2059.537
205396200,2021:03:16:09:02:58,3,11.3821825,47.3092005,2059461,1,4.19,2059.461
205396300,2021:03:16:09:02:58,3,11.3821827,47.3091997,2059320,1,4.19,2059.32
205396400,2021:03:16:09:02:58,3,11.382183,47.3091985,2059296,1,4.19,2059.296
205396500,2021:03:16:09:02:58,3,11.3821831,47.3091983,2059194,1,4.19,2059.194
205396600,2021:03:16:09:02:58,3,11.3821833,47.3091975,2059113,1,4.19,2059.113
205396700,2021:03:16:09:02:58,3,11.3821832,47.3091971,2059005,0,4.19,2059.005
205396800,2021:03:16:09:02:58,3,11.3821831,47.3091964,2058954,0,4.19,2058.954
205396900,2021:03:16:09:02:58,3,11.3821834,47.3091956,2058910,0,4.19,2058.91
205397000,2021:03:16:09:02:59,3,11.3821833,47.3091953,2058774,0,4.19,2058.774
205397100,2021:03:16:09:02:59,3,11.3821831,47.3091952,2058653,0,4.19,2058.653
205397200,2021:03:16:09:02:59,3,11.3821829,47.309195,2058557,0,4.12,2058.557
205397300,2021:03:16:09:02:59,3,11.3821828,47.3091945,2058483,0,4.12,2058.483
205397400,2021:03:16:09:02:59,3,11.3821835,47.3091941,2058421,0,4.12,2058.421
205397500,2021:03:16:09:02:59,3,11.3821843,47.3091937,2058375,0,4.12,2058.375
205397600,2021:03:16:09:02:59,3,11.3821844,47.3091937,2058320,0,4.12,2058.32
205397700,2021:03:16:09:02:59,3,11.3821846,47.3091931,2058379,1,4.12,2058.379
205397800,2021:03:16:09:02:59,3,11.382184,47.3091931,2058387,1,4.12,2058.387
205397900,2021:03:16:09:02:59,3,11.3821839,47.3091931,2058404,1,4.12,2058.404
205398000,2021:03:16:09:03:00,3,11.3821837,47.3091931,2058411,1,4.12,2058.411
205398100,2021:03:16:09:03:00,3,11.3821834,47.3091932,2058392,1,4.12,2058.392
205398200,2021:03:16:09:03:00,3,11.3821831,47.3091934,2058384,1,4.12,2058.384
205398300,2021:03:16:09:03:00,3,11.382183,47.3091934,2058403,1,4.12,2058.403
205398400,2021:03:16:09:03:00,3,11.3821827,47.3091937,2058382,1,4.12,2058.382
205398500,2021:03:16:09:03:00,3,11.3821827,47.3091937,2058407,1,4.12,2058.407
205398600,2021:03:16:09:03:00,3,11.3821824,47.309194,2058375,1,4.12,2058.375
205398700,2021:03:16:09:03:00,3,11.3821825,47.3091937,2058411,0,4.12,2058.411
205398800,2021:03:16:09:03:00,3,11.3821823,47.3091938,2058422,0,4.12,2058.422
205398900,2021:03:16:09:03:00,3,11.3821823,47.309194,2058423,0,4.12,2058.423
205399000,2021:03:16:09:03:01,3,11.3821819,47.3091942,2058406,0,4.12,2058.406
205399100,2021:03:16:09:03:01,3,11.3821816,47.3091944,2058442,0,4.12,2058.442
205399200,2021:03:16:09:03:01,3,11.3821816,47.3091945,2058430,0,4.12,2058.43
205399300,2021:03:16:09:03:01,3,11.3821817,47.3091946,2058433,0,4.12,2058.433
205399400,2021:03:16:09:03:01,3,11.3821815,47.3091947,2058434,0,4.12,2058.434
205399500,2021:03:16:09:03:01,3,11.3821816,47.3091947,2058443,0,4.12,2058.443
205399600,2021:03:16:09:03:01,3,11.3821817,47.3091947,2058453,0,4.12,2058.453
205399700,2021:03:16:09:03:01,3,11.3821818,47.3091948,2058442,1,4.12,2058.442
205399800,2021:03:16:09:03:01,3,11.3821817,47.3091948,2058453,1,4.12,2058.453
205399900,2021:03:16:09:03:01,3,11.3821819,47.3091948,2058452,1,4.12,2058.452
205400000,2021:03:16:09:03:02,3,11.3821818,47.309195,2058434,1,4.12,2058.434
205400100,2021:03:16:09:03:02,3,11.382182,47.3091949,2058445,1,4.12,2058.445
205400200,2021:03:16:09:03:02,3,11.3821821,47.309195,2058460,1,4.12,2058.46
205400300,2021:03:16:09:03:02,3,11.3821824,47.3091949,2058459,1,4.12,2058.459
205400400,2021:03:16:09:03:02,3,11.3821824,47.3091948,2058455,1,4.12,2058.455
205400500,2021:03:16:09:03:02,3,11.3821822,47.3091949,2058420,1,4.12,2058.42
205400600,2021:03:16:09:03:02,3,11.3821822,47.3091951,2058419,1,4.12,2058.419
205400700,2021:03:16:09:03:02,3,11.3821824,47.3091951,2058419,0,4.12,2058.419
205400800,2021:03:16:09:03:02,3,11.3821822,47.3091952,2058396,0,4.12,2058.396
205400900,2021:03:16:09:03:02,3,11.3821823,47.3091951,2058407,0,4.12,2058.407
205401000,2021:03:16:09:03:03,3,11.3821824,47.3091951,2058390,0,4.12,2058.39
205401100,2021:03:16:09:03:03,3,11.3821824,47.3091952,2058374,0,4.12,2058.374
205401200,2021:03:16:09:03:03,3,11.3821824,47.3091954,2058360,0,4.12,2058.36
205401300,2021:03:16:09:03:03,3,11.3821824,47.3091954,2058337,0,4.12,2058.337
205401400,2021:03:16:09:03:03,3,11.3821827,47.309195,2058390,0,4.12,2058.39
205401500,2021:03:16:09:03:03,3,11.3821828,47.3091953,2058351,0,4.12,2058.351
205401600,2021:03:16:09:03:03,3,11.382183,47.3091954,2058374,0,4.12,2058.374
205401700,2021:03:16:09:03:03,3,11.3821828,47.3091955,2058335,1,4.06,2058.335
205401800,2021:03:16:09:03:03,3,11.3821833,47.3091954,2058395,1,4.06,2058.395
205401900,2021:03:16:09:03:03,3,11.3821832,47.3091955,2058373,1,4.06,2058.373
205402000,2021:03:16:09:03:04,3,11.382183,47.3091956,2058346,1,4.06,2058.346
205402100,2021:03:16:09:03:04,3,11.3821831,47.3091957,2058344,1,4.06,2058.344
205402200,2021:03:16:09:03:04,3,11.3821831,47.3091958,2058345,1,4.06,2058.345
205402300,2021:03:16:09:03:04,3,11.3821829,47.3091961,2058331,1,4.06,2058.331
205402400,2021:03:16:09:03:04,3,11.382183,47.3091961,2058335,1,4.06,2058.335
205402500,2021:03:16:09:03:04,3,11.3821827,47.3091963,2058308,1,4.06,2058.308
205402600,2021:03:16:09:03:04,3,11.3821829,47.3091964,2058310,1,4.06,2058.31
205402700,2021:03:16:09:03:04,3,11.3821826,47.3091968,2058282,0,4.06,2058.282
205402800,2021:03:16:09:03:04,3,11.3821826,47.3091967,2058296,0,4.06,2058.296
205402900,2021:03:16:09:03:04,3,11.3821828,47.3091968,2058314,0,4.06,2058.314
205403000,2021:03:16:09:03:05,3,11.3821828,47.3091969,2058296,0,4.06,2058.296
205403100,2021:03:16:09:03:05,3,11.3821825,47.3091971,2058278,0,4.06,2058.278
205403200,2021:03:16:09:03:05,3,11.3821826,47.3091971,2058289,0,4.06,2058.289
205403300,2021:03:16:09:03:05,3,11.3821824,47.3091973,2058285,0,4.06,2058.285
205403400,2021:03:16:09:03:05,3,11.3821826,47.3091973,2058301,0,4.06,2058.301
205403500,2021:03:16:09:03:05,3,11.3821823,47.3091974,2058270,0,4.06,2058.27
205403600,2021:03:16:09:03:05,3,11.3821823,47.3091976,2058261,0,4.06,2058.261
205403700,2021:03:16:09:03:05,3,11.3821822,47.3091977,2058264,1,4.06,2058.264
205403800,2021:03:16:09:03:05,3,11.3821821,47.3091976,2058253,1,4.06,2058.253
205403900,2021:03:16:09:03:05,3,11.3821822,47.3091978,2058238,1,4.06,2058.238
205404000,2021:03:16:09:03:06,3,11.3821821,47.3091978,2058254,1,4.06,2058.254
205404100,2021:03:16:09:03:06,3,11.382182,47.3091979,2058245,1,4.06,2058.245
